(1916, (646873, 283993, 43.9, 0, 337952, 52.2, 15))
(1920, (1048411, 233450, 22.3, 0, 762865, 72.8, 15))
(1924, (1160419, 152359, 13.1, 0, 874631, 75.4, 15))
(1928, (1372082, 396762, 28.9, 0, 965396, 70.4, 15))
(1932, (1664765, 871700, 52.4, 19, 739894, 44.4, 0))
(1936, (1805098, 1016794, 56.3, 19, 699733, 38.8, 0))
(1940, (2085929, 1032991, 49.5, 0, 1039917, 49.9, 19))
(1944, (2205223, 1106899, 50.2, 19, 1084423, 49.2, 0))
(1948, (2109609, 1003448, 47.6, 0, 1038595, 49.2, 19))
(1952, (2798592, 1230657, 44.0, 0, 1551529, 55.4, 20))
(1956, (3080468, 1359898, 44.1, 0, 1713647, 55.6, 20))
(1960, (3318097, 1687269, 50.9, 20, 1620428, 48.8, 0))
(1964, (3203102, 2136615, 66.7, 21, 1060152, 33.1, 0))
(1968, (3306250, 1593082, 48.2, 21, 1370665, 41.5, 0))
(1972, (3489727, 1459435, 41.8, 0, 1961721, 56.2, 21))
(1980, (3909725, 1661532, 42.5, 0, 1915225, 49.0, 21))
(1984, (3801658, 1529638, 40.2, 0, 2251571, 59.2, 20))
(1988, (3669163, 1675783, 45.7, 0, 1965486, 53.6, 20))
(1992, (4274673, 1871182, 43.8, 18, 1554940, 36.4, 0))
(1996, (3848844, 1989653, 51.7, 18, 1481212, 38.5, 0))
(2000, (4232711, 2170418, 51.3, 18, 1953139, 46.1, 0))
(2004, (4839252, 2479183, 51.2, 17, 2313746, 47.8, 0))
(2008, (5001766, 2872579, 57.4, 17, 2048639, 41.0, 0))
(2012, (4730961, 2564569, 54.2, 16, 2115256, 44.7, 0))
(2016, (4799284, 2268839, 47.3, 0, 2279543, 47.5, 16))
(2020, (5539301, 2804040, 50.62, 16, 2649852, 47.84, 0))
(2024, (5664186, 2736533, 48.31, 0, 2816636, 49.73, 15))
