(1916, (520078, 269990, 51.9, 13, 241854, 46.5, 0))
(1920, (918636, 456497, 49.7, 13, 452480, 49.3, 0))
(1924, (816070, 375593, 46.0, 0, 398966, 48.9, 13))
(1928, (940521, 381070, 40.5, 0, 558064, 59.3, 13))
(1932, (983059, 580574, 59.1, 11, 394716, 40.2, 0))
(1936, (926214, 541944, 58.5, 11, 369702, 39.9, 0))
(1940, (970163, 557322, 57.4, 11, 410384, 42.3, 0))
(1944, (867924, 472589, 54.5, 11, 392448, 45.2, 0))
(1948, (822658, 466756, 56.7, 11, 341210, 41.5, 0))
(1952, (993148, 495729, 49.9, 10, 495029, 49.8, 0))
(1956, (1053805, 476453, 45.2, 0, 572192, 54.3, 10))
(1960, (1124462, 521855, 46.4, 0, 602607, 53.6, 10))
(1964, (1046105, 669659, 64.0, 9, 372977, 35.7, 0))
(1968, (1055893, 397541, 37.6, 0, 462411, 43.8, 9))
(1972, (1067499, 371159, 34.8, 0, 676446, 63.4, 9))
(1980, (1294627, 616417, 47.6, 0, 635274, 49.1, 9))
(1984, (1369345, 539539, 39.4, 0, 821702, 60.0, 9))
(1988, (1322517, 580368, 43.9, 0, 734281, 55.5, 9))
(1992, (1492900, 665104, 44.6, 8, 617178, 41.3, 0))
(1996, (1388708, 636614, 45.8, 8, 623283, 44.9, 0))
(2000, (1544187, 638898, 41.4, 0, 872492, 56.5, 8))
(2004, (1795882, 712733, 39.7, 0, 1069439, 59.5, 8))
(2008, (1826508, 751985, 41.2, 0, 1048462, 57.4, 8))
(2012, (1797212, 679370, 37.8, 0, 1087190, 60.5, 8))
(2016, (1924149, 628854, 32.7, 0, 1202971, 62.5, 8))
(2020, (2136768, 772474, 36.15, 0, 1326646, 62.09, 8))
(2024, (2074530, 704043, 33.94, 0, 1337494, 64.47, 8))
