(1916, (80734, 55984, 69.3, 6, 14611, 18.1, 0))
(1920, (145684, 90515, 62.1, 6, 44853, 30.8, 0))
(1924, (109158, 62083, 56.9, 6, 30633, 28.1, 0))
(1928, (253672, 101764, 40.1, 0, 144168, 56.8, 6))
(1932, (276943, 206307, 74.5, 7, 69170, 25.0, 0))
(1936, (327436, 249117, 76.1, 7, 78248, 23.9, 0))
(1940, (485640, 359334, 74.0, 7, 126158, 26.0, 0))
(1944, (482803, 339377, 70.3, 8, 143215, 29.7, 0))
(1948, (577643, 281988, 48.8, 8, 194280, 33.6, 0))
(1952, (989337, 444950, 45.0, 0, 544036, 55.0, 10))
(1956, (1125762, 480371, 42.7, 0, 643849, 57.2, 10))
(1960, (1544176, 748700, 48.5, 0, 795476, 51.5, 10))
(1964, (1854481, 948540, 51.1, 14, 905941, 48.9, 0))
(1968, (2187805, 676794, 30.9, 0, 886804, 40.5, 14))
(1972, (2583283, 718117, 27.8, 0, 1857759, 71.9, 17))
(1980, (3686930, 1419475, 38.5, 0, 2046951, 55.5, 17))
(1984, (4180051, 1448816, 34.7, 0, 2730350, 65.3, 21))
(1988, (4302313, 1656701, 38.5, 0, 2618885, 60.9, 21))
(1992, (5314392, 2072698, 39.0, 0, 2173310, 40.9, 25))
(1996, (5303794, 2546870, 48.0, 25, 2244536, 42.3, 0))
(2000, (5963110, 2912253, 48.8, 0, 2912790, 48.8, 25))
(2004, (7609810, 3583544, 47.1, 0, 3964522, 52.1, 27))
(2008, (8390744, 4282074, 51.0, 27, 4045624, 48.2, 0))
(2012, (8474179, 4237756, 50.0, 29, 4163447, 49.1, 0))
(2016, (9420039, 4504975, 47.8, 0, 4617886, 49.0, 29))
(2020, (11067456, 5297045, 47.86, 0, 5668731, 51.22, 29))
(2024, (10893752, 4683038, 42.99, 0, 6110125, 56.09, 30))
