(1916, (153993, 102825, 66.8, 12, 49358, 32.1, 0))
(1920, (231000, 141670, 61.3, 12, 87456, 37.9, 0))
(1924, (223603, 139717, 62.5, 12, 73328, 32.8, 0))
(1928, (305364, 140146, 45.9, 0, 164609, 53.9, 12))
(1932, (297942, 203979, 68.5, 11, 89637, 30.1, 0))
(1936, (334590, 234980, 70.2, 11, 98336, 29.4, 0))
(1940, (346608, 235961, 68.1, 11, 109363, 31.6, 0))
(1944, (388485, 242276, 62.4, 11, 145243, 37.4, 0))
(1948, (419256, 200786, 47.9, 11, 172070, 41.0, 0))
(1952, (619689, 268677, 43.4, 0, 349037, 56.3, 12))
(1956, (697978, 267760, 38.4, 0, 386459, 55.4, 12))
(1960, (771449, 362327, 47.0, 0, 404521, 52.4, 12))
(1964, (1042267, 558038, 53.5, 12, 481334, 46.2, 0))
(1968, (1361491, 442387, 32.5, 0, 590319, 43.4, 12))
(1972, (1457019, 438887, 30.1, 0, 988493, 67.8, 11))
(1980, (1866032, 752174, 40.3, 0, 989609, 53.0, 12))
(1984, (2146635, 796250, 37.1, 0, 1337078, 62.3, 12))
(1988, (2191609, 859799, 39.2, 0, 1309162, 59.7, 12))
(1992, (2558665, 1038650, 40.6, 0, 1150517, 45.0, 13))
(1996, (2416642, 1091060, 45.1, 0, 1138350, 47.1, 13))
(2000, (2739447, 1217290, 44.4, 0, 1437490, 52.5, 13))
(2004, (3198367, 1454742, 45.5, 0, 1716959, 53.7, 13))
(2008, (3723260, 1959532, 52.6, 13, 1725005, 46.3, 0))
(2012, (3854490, 1971820, 51.2, 13, 1822522, 47.3, 0))
(2016, (3982752, 1981473, 49.8, 13, 1769443, 44.4, 0))
(2020, (4460524, 2413568, 54.11, 13, 1962430, 44.0, 0))
(2024, (4505941, 2335395, 51.83, 13, 2075085, 46.05, 0))
