(1916, (447134, 191363, 42.8, 0, 220822, 49.4, 13))
(1920, (701281, 113422, 16.2, 0, 498576, 71.1, 13))
(1924, (840827, 68115, 8.1, 0, 311614, 37.1, 0))
(1928, (1016831, 450259, 44.3, 0, 544205, 53.5, 13))
(1932, (1114814, 707410, 63.5, 12, 347741, 31.2, 0))
(1936, (1258560, 802984, 63.8, 12, 380828, 30.3, 0))
(1940, (1405522, 704821, 50.1, 12, 679206, 48.3, 0))
(1944, (1339152, 650413, 48.6, 0, 674532, 50.4, 12))
(1948, (1276800, 647310, 50.7, 12, 590959, 46.3, 0))
(1952, (1607370, 622175, 38.7, 0, 979744, 61.0, 12))
(1956, (1550558, 586768, 37.8, 0, 954844, 61.6, 12))
(1960, (1729082, 830805, 48.0, 0, 895175, 51.8, 12))
(1964, (1691815, 1050424, 62.1, 12, 638495, 37.7, 0))
(1968, (1691538, 748804, 44.3, 0, 809997, 47.9, 12))
(1972, (1852890, 810174, 43.7, 0, 989430, 53.4, 11))
(1980, (2273221, 981584, 43.2, 0, 1088845, 47.9, 11))
(1984, (2211689, 995740, 45.0, 0, 1198584, 54.2, 11))
(1988, (2191608, 1126794, 51.4, 11, 1047499, 47.8, 0))
(1992, (2531114, 1041066, 41.1, 11, 930855, 36.8, 0))
(1996, (2196169, 1071971, 48.8, 11, 845029, 38.5, 0))
(2000, (2598607, 1242987, 47.8, 11, 1237279, 47.6, 0))
(2004, (2997007, 1489504, 49.7, 10, 1478120, 49.3, 0))
(2008, (2983417, 1677211, 56.2, 10, 1262393, 42.3, 0))
(2012, (3071434, 1620985, 52.9, 10, 1410966, 46.0, 0))
(2016, (2976150, 1382536, 46.5, 0, 1405284, 47.2, 10))
(2020, (3298041, 1630866, 49.45, 10, 1610184, 48.82, 0))
(2024, (3415787, 1668229, 48.84, 0, 1697626, 49.7, 10))
