(1916, (1297189, 521784, 40.2, 0, 703823, 54.3, 38))
(1920, (1851248, 503202, 27.2, 0, 1218215, 65.8, 38))
(1924, (2144850, 409192, 19.1, 0, 1401481, 65.3, 38))
(1928, (3150612, 1067586, 33.9, 0, 2055382, 65.2, 38))
(1932, (2859021, 1295948, 45.3, 0, 1453540, 50.8, 36))
(1936, (4138105, 2353788, 56.9, 36, 1690300, 40.8, 0))
(1940, (4078714, 2171035, 53.2, 36, 1889848, 46.3, 0))
(1944, (3794793, 1940479, 51.1, 35, 1835054, 48.4, 0))
(1948, (3735348, 1752426, 46.9, 0, 1902197, 50.9, 35))
(1952, (4580969, 2146269, 46.9, 0, 2415789, 52.7, 32))
(1956, (4576503, 1981769, 43.3, 0, 2585252, 56.5, 32))
(1960, (5006541, 2556282, 51.1, 32, 2439956, 48.7, 0))
(1964, (4822690, 3130954, 64.9, 29, 1673657, 34.7, 0))
(1968, (4747928, 2259405, 47.6, 29, 2090017, 44.0, 0))
(1972, (4592106, 1796951, 39.1, 0, 2714521, 59.1, 27))
(1980, (4561501, 1937540, 42.5, 0, 2261872, 49.6, 27))
(1984, (4844903, 2228131, 46.0, 0, 2584323, 53.3, 25))
(1988, (4536251, 2194944, 48.4, 0, 2300087, 50.7, 25))
(1992, (4959810, 2239164, 45.1, 23, 1791841, 36.1, 0))
(1996, (4506118, 2215819, 49.2, 23, 1801169, 40.0, 0))
(2000, (4913119, 2485967, 50.6, 23, 2281127, 46.4, 0))
(2004, (5769590, 2938095, 50.9, 21, 2793847, 48.4, 0))
(2008, (6034745, 3276363, 54.3, 21, 2655885, 44.0, 0))
(2012, (5753670, 2990274, 52.1, 20, 2680434, 46.7, 0))
(2016, (6115402, 2926441, 47.9, 0, 2970733, 48.6, 20))
(2020, (6915283, 3458229, 50.01, 20, 3377674, 48.84, 0))
(2024, (7034206, 3423042, 48.66, 0, 3543308, 50.37, 19))
