(1916, (92974, 79875, 85.9, 10, 6466, 7.0, 0))
(1920, (126397, 87519, 69.2, 10, 38539, 30.5, 0))
(1924, (121951, 93218, 76.4, 10, 24670, 20.2, 0))
(1928, (215833, 164655, 76.3, 10, 51160, 23.7, 0))
(1932, (268804, 249418, 92.8, 10, 18853, 7.0, 0))
(1936, (329778, 292894, 88.8, 10, 36791, 11.2, 0))
(1940, (372305, 319751, 85.9, 10, 52446, 14.1, 0))
(1944, (349383, 281564, 80.6, 10, 67750, 19.4, 0))
(1948, (416336, 136344, 32.7, 0, 72657, 17.5, 0))
(1952, (651952, 345027, 52.9, 10, 306925, 47.1, 0))
(1956, (617544, 243977, 39.5, 0, 329047, 53.3, 10))
(1960, (807891, 407339, 50.4, 10, 230980, 28.6, 0))
(1964, (896293, 387068, 43.2, 0, 509225, 56.8, 10))
(1968, (1097450, 309615, 28.2, 0, 257535, 23.5, 0))
(1972, (1051491, 298142, 28.4, 0, 686852, 65.3, 10))
(1980, (1548591, 708453, 45.7, 0, 792853, 51.2, 10))
(1984, (1706822, 651586, 38.2, 0, 1037299, 60.8, 10))
(1988, (1628202, 717460, 44.1, 0, 883702, 54.3, 10))
(1992, (1790017, 815971, 45.6, 9, 733386, 41.0, 0))
(1996, (1783959, 927837, 52.0, 9, 712586, 39.9, 0))
(2000, (1765656, 792344, 44.9, 0, 927871, 52.6, 9))
(2004, (1943106, 820299, 42.2, 0, 1102169, 56.7, 9))
(2008, (1960761, 782989, 39.9, 0, 1148275, 58.6, 9))
(2012, (1994065, 809141, 40.6, 0, 1152262, 57.8, 8))
(2016, (2029032, 780154, 38.4, 0, 1178638, 58.1, 8))
(2020, (2148062, 856034, 39.85, 0, 1255776, 58.46, 8))
(2024, (2006975, 766870, 38.21, 0, 1208505, 60.22, 8))
