(1916, (262039, 138359, 52.8, 8, 117347, 44.8, 0))
(1920, (428443, 180626, 42.2, 0, 236117, 55.1, 8))
(1924, (358630, 148072, 41.3, 0, 162414, 45.3, 8))
(1928, (528348, 223626, 42.3, 0, 301479, 57.1, 8))
(1932, (511054, 314314, 61.5, 8, 184184, 36.0, 0))
(1936, (624896, 389612, 62.3, 8, 231435, 37.0, 0))
(1940, (660104, 384546, 58.3, 8, 269534, 40.8, 0))
(1944, (608439, 315490, 51.9, 8, 292949, 48.1, 0))
(1948, (596748, 286521, 48.0, 0, 294814, 49.4, 8))
(1952, (902074, 395337, 43.8, 0, 499424, 55.4, 9))
(1956, (932827, 372613, 39.9, 0, 559738, 60.0, 9))
(1960, (1055349, 565808, 53.6, 9, 489538, 46.4, 0))
(1964, (1116457, 730912, 65.5, 10, 385495, 34.5, 0))
(1968, (1235039, 538310, 43.6, 10, 517995, 41.9, 0))
(1972, (1353812, 505781, 37.4, 0, 829305, 61.3, 10))
(1980, (1540496, 726161, 47.1, 10, 680606, 44.2, 0))
(1984, (1675873, 787935, 47.0, 0, 879918, 52.5, 10))
(1988, (1714358, 826304, 48.2, 0, 876167, 51.1, 10))
(1992, (1985046, 988571, 49.8, 10, 707094, 35.6, 0))
(1996, (1780870, 966207, 54.3, 10, 681530, 38.3, 0))
(2000, (2020480, 1140782, 56.5, 10, 813797, 40.3, 0))
(2004, (2386678, 1334493, 55.9, 10, 1024703, 42.9, 0))
(2008, (2631596, 1629467, 61.9, 10, 959862, 36.5, 0))
(2012, (2707327, 1677844, 62.0, 10, 971869, 35.9, 0))
(2016, (2781446, 1677928, 60.3, 10, 943169, 33.9, 0))
(2020, (3037030, 1985023, 65.36, 10, 976414, 32.15, 0))
(2024, (3038334, 1902577, 62.62, 10, 1035550, 34.08, 0))
