(1916, (51906, 28376, 54.7, 3, 21698, 41.8, 0))
(1920, (56253, 17429, 31.0, 0, 35091, 62.4, 3))
(1924, (79900, 12868, 16.1, 0, 41858, 52.4, 3))
(1928, (82835, 29299, 35.4, 0, 52748, 63.7, 3))
(1932, (96962, 54370, 56.1, 3, 39583, 40.8, 0))
(1936, (103382, 62624, 60.6, 3, 38739, 37.5, 0))
(1940, (112240, 59287, 52.8, 3, 52633, 46.9, 0))
(1944, (101340, 49419, 48.8, 0, 51921, 51.2, 3))
(1948, (101425, 52354, 51.6, 3, 47947, 47.3, 0))
(1952, (129253, 47934, 37.1, 0, 81049, 62.7, 3))
(1956, (124127, 49554, 39.9, 0, 74573, 60.1, 3))
(1960, (140782, 63331, 45.0, 0, 77451, 55.0, 3))
(1964, (142716, 80718, 56.6, 3, 61998, 43.4, 0))
(1968, (127205, 45173, 35.5, 0, 70927, 55.8, 3))
(1972, (145570, 44358, 30.5, 0, 100464, 69.0, 3))
(1980, (176713, 49427, 28.0, 0, 110700, 62.6, 3))
(1984, (188968, 53370, 28.2, 0, 133241, 70.5, 3))
(1988, (176551, 67113, 38.0, 0, 106867, 60.5, 3))
(1992, (200598, 68160, 34.0, 0, 79347, 39.6, 3))
(1996, (211571, 77934, 36.8, 0, 105388, 49.8, 3))
(2000, (218351, 60481, 27.7, 0, 147947, 67.8, 3))
(2004, (243428, 70776, 29.1, 0, 167629, 68.9, 3))
(2008, (256035, 82868, 32.4, 0, 164958, 64.4, 3))
(2012, (249061, 69286, 27.8, 0, 170962, 68.6, 3))
(2016, (255849, 55973, 21.9, 0, 174419, 68.2, 3))
(2020, (276765, 73491, 26.55, 0, 193559, 69.94, 3))
(2024, (269048, 69527, 25.84, 0, 192633, 71.6, 3))
