(1916, (518738, 221699, 42.7, 0, 280439, 54.1, 13))
(1920, (894959, 227804, 25.5, 0, 634674, 70.9, 13))
(1924, (976770, 160382, 16.4, 0, 537458, 55.0, 13))
(1928, (1009189, 379011, 37.6, 0, 623570, 61.8, 13))
(1932, (1036687, 598019, 57.7, 11, 414433, 40.0, 0))
(1936, (1142737, 621756, 54.4, 11, 487977, 42.7, 0))
(1940, (1215432, 578802, 47.6, 0, 632370, 52.0, 11))
(1944, (1052599, 499876, 47.5, 0, 547267, 52.0, 10))
(1948, (1038264, 522380, 50.3, 10, 494018, 47.6, 0))
(1952, (1268773, 451513, 35.6, 0, 808906, 63.8, 10))
(1956, (1234564, 501858, 40.7, 0, 729187, 59.1, 10))
(1960, (1273810, 550565, 43.2, 0, 722381, 56.7, 10))
(1964, (1184539, 733030, 61.9, 9, 449148, 37.9, 0))
(1968, (1167931, 476699, 40.8, 0, 619106, 53.0, 9))
(1972, (1225944, 496206, 40.5, 0, 706207, 57.6, 8))
(1980, (1317661, 508672, 38.6, 0, 676026, 51.3, 8))
(1984, (1319805, 605620, 45.9, 0, 703088, 53.3, 8))
(1988, (1225614, 670557, 54.7, 8, 545355, 44.5, 0))
(1992, (1354607, 586353, 43.3, 7, 504891, 37.3, 0))
(1996, (1234075, 620258, 50.3, 7, 492644, 39.9, 0))
(2000, (1315563, 638517, 48.5, 7, 634373, 48.2, 0))
(2004, (1506908, 741898, 49.2, 0, 751957, 49.9, 7))
(2008, (1543662, 828940, 53.7, 7, 682379, 44.2, 0))
(2012, (1582180, 822544, 52.0, 6, 730617, 46.2, 0))
(2016, (1566031, 653669, 41.7, 0, 800983, 51.1, 6))
(2020, (1690871, 759061, 44.89, 0, 897672, 53.09, 6))
(2024, (1663506, 707278, 42.52, 0, 927019, 55.73, 6))
