(1916, (33314, 17776, 53.4, 3, 12127, 36.4, 0))
(1920, (27194, 9851, 36.2, 0, 15479, 56.9, 3))
(1924, (26921, 5909, 21.9, 0, 11243, 41.8, 3))
(1928, (32417, 14090, 43.5, 0, 18327, 56.5, 3))
(1932, (41430, 28756, 69.4, 3, 12674, 30.6, 0))
(1936, (43848, 31925, 72.8, 3, 11923, 27.2, 0))
(1940, (53174, 31945, 60.1, 3, 21229, 39.9, 0))
(1944, (54234, 29623, 54.6, 3, 24611, 45.4, 0))
(1948, (62117, 31291, 50.4, 3, 29357, 47.3, 0))
(1952, (82190, 31688, 38.6, 0, 50502, 61.4, 3))
(1956, (96689, 40640, 42.0, 0, 56049, 58.0, 3))
(1960, (107267, 54880, 51.2, 3, 52387, 48.8, 0))
(1964, (135433, 79339, 58.6, 3, 56094, 41.4, 0))
(1968, (154218, 60598, 39.3, 0, 73188, 47.5, 3))
(1972, (181766, 66016, 36.3, 0, 115750, 63.7, 3))
(1980, (247885, 66666, 26.9, 0, 155017, 62.5, 3))
(1984, (286667, 91655, 32.0, 0, 188770, 65.8, 4))
(1988, (350067, 132738, 37.9, 0, 206040, 58.9, 4))
(1992, (506318, 189148, 37.4, 4, 175828, 34.7, 0))
(1996, (464279, 203974, 43.9, 4, 199244, 42.9, 0))
(2000, (608970, 279978, 46.0, 0, 301575, 49.5, 4))
(2004, (829587, 397190, 47.9, 0, 418690, 50.5, 5))
(2008, (967848, 533736, 55.1, 5, 412827, 42.7, 0))
(2012, (1014918, 531373, 52.4, 6, 463567, 45.7, 0))
(2016, (1125385, 539260, 47.9, 6, 512058, 45.5, 0))
(2020, (1405376, 703486, 50.06, 6, 669890, 47.67, 0))
(2024, (1484840, 705197, 47.49, 0, 751205, 50.59, 6))
