(1916, (292327, 148123, 50.7, 10, 97233, 33.3, 0))
(1920, (485678, 216122, 44.5, 0, 243840, 50.2, 10))
(1924, (527928, 255798, 48.4, 10, 225755, 42.8, 0))
(1928, (618427, 219174, 35.4, 0, 394046, 63.7, 10))
(1932, (704633, 516468, 73.3, 11, 188165, 26.7, 0))
(1936, (749740, 501069, 66.8, 11, 245122, 32.7, 0))
(1940, (826212, 474313, 57.4, 11, 348872, 42.2, 0))
(1944, (722636, 401549, 55.6, 10, 319424, 44.2, 0))
(1948, (721599, 452782, 62.7, 10, 268817, 37.3, 0))
(1952, (948984, 430939, 45.4, 0, 518045, 54.6, 8))
(1956, (859350, 385581, 44.9, 0, 473769, 55.1, 8))
(1960, (903150, 370111, 41.0, 0, 533039, 59.0, 7))
(1964, (932499, 519834, 55.7, 8, 412665, 44.3, 0))
(1968, (943086, 301658, 32.0, 0, 449697, 47.7, 8))
(1972, (1029900, 247147, 24.0, 0, 759025, 73.7, 8))
(1980, (1149708, 402026, 35.0, 0, 695570, 60.5, 8))
(1984, (1255676, 385080, 30.7, 0, 861530, 68.6, 8))
(1988, (1171036, 483423, 41.3, 0, 678367, 57.9, 8))
(1992, (1390359, 473066, 34.0, 0, 592929, 42.6, 8))
(1996, (1206713, 488105, 40.4, 0, 582315, 48.3, 8))
(2000, (1234229, 474276, 38.4, 0, 744337, 60.3, 8))
(2004, (1463758, 503966, 34.4, 0, 959792, 65.6, 7))
(2008, (1462661, 502496, 34.4, 0, 960165, 65.6, 7))
(2012, (1334872, 443547, 33.2, 0, 891325, 66.8, 7))
(2016, (1452992, 420375, 28.9, 0, 949136, 65.3, 7))
(2020, (1560699, 503890, 32.29, 0, 1020280, 65.37, 7))
(2024, (1566173, 499599, 31.9, 0, 1036213, 66.16, 7))
