(1916, (158690, 125845, 79.3, 14, 11225, 7.1, 0))
(1920, (149558, 106112, 71.0, 14, 42981, 28.7, 0))
(1924, (166635, 123262, 74.0, 14, 30300, 18.2, 0))
(1928, (231592, 129604, 56.0, 14, 101800, 44.0, 0))
(1932, (255590, 234118, 91.6, 12, 19863, 7.8, 0))
(1936, (293170, 255363, 87.1, 12, 36943, 12.6, 0))
(1940, (312686, 265194, 84.8, 12, 46495, 14.9, 0))
(1944, (328129, 268187, 81.7, 12, 56506, 17.2, 0))
(1948, (418844, 254646, 60.8, 12, 76691, 18.3, 0))
(1952, (655785, 456823, 69.7, 12, 198961, 30.3, 0))
(1956, (669655, 444688, 66.4, 12, 222778, 33.3, 0))
(1960, (733349, 458638, 62.5, 12, 274472, 37.4, 0))
(1964, (1139335, 522556, 45.9, 0, 616584, 54.1, 12))
(1968, (1250266, 334440, 26.7, 0, 380111, 30.4, 0))
(1972, (1174772, 289529, 24.6, 0, 881496, 75.0, 12))
(1980, (1596695, 890733, 55.8, 12, 654168, 41.0, 0))
(1984, (1776120, 706628, 39.8, 0, 1068722, 60.2, 12))
(1988, (1809672, 714792, 39.5, 0, 1081331, 59.8, 12))
(1992, (2321125, 1008966, 43.5, 13, 995252, 42.9, 0))
(1996, (2299071, 1053849, 45.8, 0, 1080843, 47.0, 13))
(2000, (2596645, 1116230, 43.0, 0, 1419720, 54.7, 13))
(2004, (3301875, 1366149, 41.4, 0, 1914254, 58.0, 15))
(2008, (3924440, 1844137, 47.0, 0, 2048744, 52.2, 15))
(2012, (3900050, 1773827, 45.5, 0, 2078688, 53.3, 16))
(2016, (4092373, 1877963, 45.9, 0, 2089104, 51.0, 16))
(2020, (4997716, 2473633, 49.5, 16, 2461854, 49.26, 0))
(2024, (5250047, 2548017, 48.53, 0, 2663117, 50.73, 16))
