(1916, (131142, 99409, 75.6, 12, 28809, 21.9, 0))
(1920, (233951, 156064, 66.7, 12, 74719, 31.9, 0))
(1924, (166593, 112966, 67.8, 12, 45005, 27.0, 0))
(1928, (248981, 127796, 51.3, 12, 120725, 48.5, 0))
(1932, (245303, 207910, 84.8, 11, 34675, 14.1, 0))
(1936, (275744, 238196, 86.4, 11, 35358, 12.8, 0))
(1940, (294219, 250726, 85.2, 11, 42184, 14.3, 0))
(1944, (244743, 198918, 81.3, 11, 44540, 18.2, 0))
(1948, (214980, 0, 0.0, 0, 40930, 19.0, 0))
(1952, (426120, 275075, 64.6, 11, 149231, 35.0, 0))
(1956, (496861, 280844, 56.5, 10, 195694, 39.4, 0))
(1960, (570225, 324050, 56.8, 5, 237981, 41.7, 0))
(1964, (689818, 0, 0.0, 0, 479085, 69.5, 10))
(1968, (1049922, 196579, 18.7, 0, 146923, 14.0, 0))
(1972, (1006111, 256923, 25.5, 0, 728701, 72.4, 9))
(1980, (1341929, 636730, 47.4, 0, 654192, 48.8, 9))
(1984, (1441713, 551899, 38.3, 0, 872849, 60.5, 9))
(1988, (1378476, 549506, 39.9, 0, 815576, 59.2, 9))
(1992, (1688060, 690080, 40.9, 0, 804283, 47.6, 9))
(1996, (1534349, 662165, 43.2, 0, 769044, 50.1, 9))
(2000, (1666272, 692611, 41.6, 0, 941173, 56.5, 9))
(2004, (1883449, 693933, 36.8, 0, 1176394, 62.5, 9))
(2008, (2099819, 813479, 38.7, 0, 1266546, 60.3, 9))
(2012, (2074338, 795696, 38.4, 0, 1255925, 60.5, 9))
(2016, (2123372, 729547, 34.4, 0, 1318255, 62.1, 9))
(2020, (2323282, 849624, 36.57, 0, 1441170, 62.03, 9))
(2024, (2265090, 772412, 34.1, 0, 1462616, 64.57, 9))
