(1916, (168348, 112186, 66.6, 9, 47148, 28.0, 0))
(1920, (183637, 107409, 58.5, 9, 71117, 38.7, 0))
(1924, (138540, 84790, 61.2, 9, 40583, 29.3, 0))
(1928, (197726, 119196, 60.3, 9, 77784, 39.3, 0))
(1932, (216569, 186829, 86.3, 9, 27465, 12.7, 0))
(1936, (179431, 146765, 81.8, 9, 32049, 17.9, 0))
(1940, (200429, 157213, 78.4, 9, 42122, 21.0, 0))
(1944, (212954, 148965, 70.0, 9, 63551, 29.8, 0))
(1948, (242475, 149659, 61.7, 9, 50959, 21.0, 0))
(1952, (404800, 226300, 55.9, 8, 177155, 43.8, 0))
(1956, (406572, 213277, 52.5, 8, 186287, 45.8, 0))
(1960, (428509, 215049, 50.2, 8, 184508, 43.1, 0))
(1964, (560426, 314197, 56.1, 6, 243264, 43.4, 0))
(1968, (619969, 188228, 30.4, 0, 190759, 30.8, 0))
(1972, (651320, 199892, 30.7, 0, 448541, 68.9, 6))
(1980, (837582, 398041, 47.5, 0, 403164, 48.1, 6))
(1984, (884406, 338646, 38.3, 0, 534774, 60.5, 6))
(1988, (827738, 349237, 42.2, 0, 466578, 56.4, 6))
(1992, (950653, 505823, 53.2, 6, 337324, 35.5, 0))
(1996, (884262, 475171, 53.7, 6, 325416, 36.8, 0))
(2000, (921781, 422768, 45.9, 0, 472940, 51.3, 6))
(2004, (1054945, 469953, 44.5, 0, 572898, 54.3, 6))
(2008, (1086617, 422310, 38.9, 0, 638017, 58.7, 6))
(2012, (1069468, 394409, 36.9, 0, 647744, 60.6, 6))
(2016, (1130635, 380494, 33.7, 0, 684872, 60.6, 6))
(2020, (1219069, 423932, 34.78, 0, 760647, 62.4, 6))
(2024, (1182676, 396905, 33.56, 0, 759241, 64.2, 6))
