(1916, (289837, 168383, 58.1, 12, 120890, 41.7, 0))
(1920, (538649, 305367, 56.7, 12, 232819, 43.2, 0))
(1924, (481608, 284190, 59.0, 12, 190754, 39.6, 0))
(1928, (635150, 286227, 45.1, 0, 348923, 54.9, 12))
(1932, (711498, 497566, 69.9, 13, 208344, 29.3, 0))
(1936, (839475, 616141, 73.4, 13, 223294, 26.6, 0))
(1940, (822648, 609015, 74.0, 13, 213633, 26.0, 0))
(1944, (790554, 527399, 66.7, 14, 263155, 33.3, 0))
(1948, (791209, 459070, 58.0, 14, 258572, 32.7, 0))
(1952, (1210910, 652803, 53.9, 14, 558107, 46.1, 0))
(1956, (1165592, 590530, 50.7, 14, 575062, 49.3, 0))
(1960, (1368556, 713136, 52.1, 14, 655420, 47.9, 0))
(1964, (1424983, 800139, 56.2, 13, 624844, 43.8, 0))
(1968, (1587493, 464113, 29.2, 0, 627192, 39.5, 12))
(1972, (1518612, 438705, 28.9, 0, 1054889, 69.5, 13))
(1980, (1855833, 875635, 47.2, 0, 915018, 49.3, 13))
(1984, (2175361, 824287, 37.9, 0, 1346481, 61.9, 13))
(1988, (2134370, 890167, 41.7, 0, 1237258, 58.0, 13))
(1992, (2611850, 1114042, 42.7, 0, 1134661, 43.4, 14))
(1996, (2515807, 1107849, 44.0, 0, 1225938, 48.7, 14))
(2000, (2911262, 1257692, 43.2, 0, 1631163, 56.0, 14))
(2004, (3501007, 1525849, 43.6, 0, 1961166, 56.0, 15))
(2008, (4310789, 2142651, 49.7, 15, 2128474, 49.4, 0))
(2012, (4505372, 2178391, 48.4, 0, 2270395, 50.4, 15))
(2016, (4741558, 2189313, 46.2, 0, 2362628, 49.8, 15))
(2020, (5524804, 2684292, 48.59, 0, 2758775, 49.93, 15))
(2024, (5699141, 2715375, 47.65, 0, 2898423, 50.86, 16))
