(1916, (531822, 247885, 46.6, 0, 268784, 50.5, 18))
(1920, (993718, 276691, 27.8, 0, 681153, 68.5, 18))
(1924, (1129837, 280831, 24.9, 0, 703476, 62.3, 18))
(1928, (1577823, 792758, 50.2, 18, 775566, 49.2, 0))
(1932, (1580114, 800148, 50.6, 17, 736959, 46.6, 0))
(1936, (1840357, 942716, 51.2, 17, 768613, 41.8, 0))
(1940, (2026993, 1076522, 53.1, 17, 939700, 46.4, 0))
(1944, (1960665, 1035296, 52.8, 16, 921350, 47.0, 0))
(1948, (2107146, 1151788, 54.7, 16, 909370, 43.2, 0))
(1952, (2383398, 1083525, 45.5, 0, 1292325, 54.2, 16))
(1956, (2348506, 948190, 40.4, 0, 1393197, 59.3, 16))
(1960, (2469480, 1487174, 60.2, 16, 976750, 39.6, 0))
(1964, (2344798, 1786422, 76.2, 14, 549727, 23.4, 0))
(1968, (2331752, 1469218, 63.0, 14, 766844, 32.9, 0))
(1972, (2458756, 1332540, 54.2, 14, 1112078, 45.2, 0))
(1980, (2522890, 1053802, 41.7, 0, 1057631, 41.9, 14))
(1984, (2559453, 1239606, 48.4, 0, 1310936, 51.2, 13))
(1988, (2632805, 1401415, 53.2, 13, 1194635, 45.4, 0))
(1992, (2773700, 1318662, 47.5, 12, 805049, 29.0, 0))
(1996, (2556786, 1571763, 61.5, 12, 718107, 28.1, 0))
(2000, (2702984, 1616487, 59.8, 12, 878502, 32.5, 0))
(2004, (2912388, 1803800, 61.9, 12, 1071109, 36.8, 0))
(2008, (3080985, 1904097, 61.8, 12, 1108854, 36.0, 0))
(2012, (3167767, 1921290, 60.7, 11, 1188314, 37.5, 0))
(2016, (3325046, 1995196, 60.0, 11, 1090893, 32.8, 0))
(2020, (3631403, 2382202, 65.6, 11, 1167202, 32.14, 0))
(2024, (3473668, 2126518, 61.22, 11, 1251303, 36.02, 0))
