(1916, (51810, 24753, 47.8, 0, 26011, 50.2, 3))
(1920, (94875, 39911, 42.1, 0, 52858, 55.7, 3))
(1924, (90885, 33445, 36.8, 0, 52441, 57.7, 3))
(1928, (104602, 35354, 33.8, 0, 68860, 65.8, 3))
(1932, (112901, 54319, 48.1, 0, 57073, 50.6, 3))
(1936, (127603, 69702, 54.6, 3, 54014, 42.3, 0))
(1940, (136374, 74599, 54.7, 3, 61440, 45.1, 0))
(1944, (125361, 68166, 54.4, 3, 56747, 45.3, 0))
(1948, (139073, 67813, 48.8, 0, 69588, 50.0, 3))
(1952, (174025, 83315, 47.9, 0, 90059, 51.8, 3))
(1956, (177988, 79421, 44.6, 0, 98057, 55.1, 3))
(1960, (196683, 99590, 50.6, 3, 96373, 49.0, 0))
(1964, (201320, 122704, 60.9, 3, 78078, 38.8, 0))
(1968, (214367, 89194, 41.6, 0, 96714, 45.1, 3))
(1972, (235516, 92283, 39.2, 0, 140357, 59.6, 3))
(1980, (235900, 105754, 44.8, 0, 111252, 47.2, 3))
(1984, (254572, 101656, 39.9, 0, 152190, 59.8, 3))
(1988, (249891, 108647, 43.5, 0, 139639, 55.9, 3))
(1992, (289735, 126054, 43.5, 3, 102313, 35.3, 0))
(1996, (270845, 140355, 51.8, 3, 99062, 36.6, 0))
(2000, (327622, 180068, 55.0, 3, 137288, 41.9, 0))
(2004, (375190, 200152, 53.3, 3, 171660, 45.8, 0))
(2008, (412412, 255459, 61.9, 3, 152374, 36.9, 0))
(2012, (413921, 242584, 58.6, 3, 165484, 40.0, 0))
(2016, (441590, 235603, 53.4, 3, 185127, 41.9, 0))
(2020, (504010, 296268, 58.78, 3, 200603, 39.8, 0))
(2024, (511697, 289758, 56.63, 3, 214351, 41.89, 0))
