(1916, (89127, 43781, 49.1, 4, 43725, 49.1, 0))
(1920, (159092, 62662, 39.4, 0, 95196, 59.8, 4))
(1924, (164769, 57201, 34.7, 0, 98575, 59.8, 4))
(1928, (196757, 80715, 41.0, 0, 115404, 58.7, 4))
(1932, (205520, 100680, 49.0, 0, 103629, 50.4, 4))
(1936, (218114, 108460, 49.7, 4, 104642, 48.0, 0))
(1940, (235419, 125292, 53.2, 4, 110127, 46.8, 0))
(1944, (229625, 119663, 52.1, 4, 109916, 47.9, 0))
(1948, (231440, 107995, 46.7, 0, 121299, 52.4, 4))
(1952, (272950, 106663, 39.1, 0, 166287, 60.9, 4))
(1956, (266994, 90364, 33.8, 0, 176519, 66.1, 4))
(1960, (295761, 137772, 46.6, 0, 157989, 53.4, 4))
(1964, (288093, 184064, 63.9, 4, 104029, 36.1, 0))
(1968, (297298, 130589, 43.9, 0, 154903, 52.1, 4))
(1972, (334055, 116435, 34.9, 0, 213724, 64.0, 4))
(1980, (383990, 108864, 28.4, 0, 221705, 57.7, 4))
(1984, (389066, 120395, 30.9, 0, 267051, 68.6, 4))
(1988, (451074, 163696, 36.3, 0, 281537, 62.4, 4))
(1992, (537943, 209040, 38.9, 4, 202484, 37.6, 0))
(1996, (499175, 246214, 49.3, 4, 196532, 39.4, 0))
(2000, (569081, 266348, 46.8, 0, 273559, 48.1, 4))
(2004, (677738, 340511, 50.2, 4, 331237, 48.9, 0))
(2008, (707611, 384826, 54.4, 4, 316534, 44.7, 0))
(2012, (710972, 369561, 52.0, 4, 329918, 46.5, 0))
(2016, (744296, 348526, 46.8, 4, 345790, 46.5, 0))
(2020, (806205, 424937, 52.71, 4, 365660, 45.36, 0))
(2024, (826189, 418488, 50.65, 4, 395523, 47.87, 0))
