(1916, (213874, 99786, 46.7, 0, 106514, 49.8, 7))
(1920, (365518, 120721, 33.0, 0, 229238, 62.7, 7))
(1924, (400396, 110184, 27.5, 0, 246322, 61.5, 7))
(1928, (553118, 252085, 45.6, 0, 296641, 53.6, 7))
(1932, (594183, 281632, 47.4, 0, 288420, 48.5, 8))
(1936, (690723, 382129, 55.3, 8, 278685, 40.3, 0))
(1940, (781502, 417621, 53.4, 8, 361819, 46.3, 0))
(1944, (831990, 435146, 52.3, 8, 390527, 46.9, 0))
(1948, (883518, 423297, 47.9, 0, 437754, 49.5, 8))
(1952, (1096911, 481649, 43.9, 0, 611012, 55.7, 8))
(1956, (1117121, 405079, 36.3, 0, 711837, 63.7, 8))
(1960, (1222883, 657055, 53.7, 8, 565813, 46.3, 0))
(1964, (1218578, 826269, 67.8, 8, 390996, 32.1, 0))
(1968, (1256232, 621561, 49.5, 8, 556721, 44.3, 0))
(1972, (1384277, 555498, 40.1, 0, 810763, 58.6, 8))
(1980, (1406285, 541732, 38.5, 0, 677210, 48.2, 8))
(1984, (1466900, 569597, 38.8, 0, 890877, 60.7, 8))
(1988, (1443394, 676584, 46.9, 0, 750241, 52.0, 8))
(1992, (1616332, 682318, 42.2, 8, 578313, 35.8, 0))
(1996, (1392614, 735740, 52.8, 8, 483109, 34.7, 0))
(2000, (1459525, 816015, 55.9, 8, 561094, 38.4, 0))
(2004, (1578769, 857488, 54.3, 7, 693826, 43.9, 0))
(2008, (1646792, 997772, 60.6, 7, 629428, 38.2, 0))
(2012, (1558960, 905083, 58.1, 7, 634892, 40.7, 0))
(2016, (1644920, 897572, 54.6, 7, 673215, 40.9, 0))
(2020, (1824280, 1080680, 59.24, 7, 715291, 39.21, 0))
(2024, (1759010, 992053, 56.4, 7, 736918, 41.89, 0))
