(1916, (287315, 158827, 55.3, 8, 117771, 41.0, 0))
(1920, (382743, 119608, 31.3, 0, 247498, 64.7, 8))
(1924, (463559, 137299, 29.6, 0, 218985, 47.2, 8))
(1928, (547128, 197950, 36.2, 0, 345745, 63.2, 8))
(1932, (570135, 359082, 63.0, 7, 201177, 35.3, 0))
(1936, (608023, 347445, 57.1, 7, 247731, 40.7, 0))
(1940, (615878, 263677, 42.8, 0, 352201, 57.2, 7))
(1944, (563126, 233246, 41.4, 0, 329880, 58.6, 6))
(1948, (488940, 224165, 45.8, 0, 264774, 54.2, 6))
(1952, (609660, 188057, 30.8, 0, 421603, 69.2, 6))
(1956, (577137, 199029, 34.5, 0, 378108, 65.5, 6))
(1960, (613095, 232542, 37.9, 0, 380553, 62.1, 6))
(1964, (584154, 307307, 52.6, 5, 276847, 47.4, 0))
(1968, (536851, 170784, 31.8, 0, 321163, 59.8, 5))
(1972, (576289, 169991, 29.5, 0, 406298, 70.5, 5))
(1980, (640854, 166851, 26.0, 0, 419937, 65.5, 5))
(1984, (652090, 187866, 28.8, 0, 460054, 70.6, 5))
(1988, (661465, 259235, 39.2, 0, 397956, 60.2, 5))
(1992, (737546, 216864, 29.4, 0, 343678, 46.6, 5))
(1996, (677415, 236761, 35.0, 0, 363467, 53.7, 5))
(2000, (697019, 231780, 33.3, 0, 433862, 62.2, 5))
(2004, (778186, 254328, 32.7, 0, 512814, 65.9, 5))
(2008, (801281, 333319, 41.6, 1, 452979, 56.5, 4))
(2012, (794379, 302081, 38.0, 0, 475064, 59.8, 5))
(2016, (844227, 284494, 33.7, 0, 495961, 58.7, 2))
(2020, (951712, 374583, 39.36, 0, 556846, 58.51, 2))
(2024, (947159, 369995, 39.06, 0, 564816, 59.63, 2))
