(1916, (272190, 153280, 56.3, 12, 116223, 42.7, 0))
(1920, (428036, 206558, 48.3, 0, 219229, 51.2, 12))
(1924, (301030, 159339, 52.9, 12, 130831, 43.5, 0))
(1928, (353192, 157143, 44.5, 0, 195388, 55.3, 12))
(1932, (390273, 259473, 66.5, 11, 126752, 32.5, 0))
(1936, (475533, 327083, 68.8, 11, 146516, 30.8, 0))
(1940, (522823, 351601, 67.3, 11, 169153, 32.4, 0))
(1944, (510692, 308707, 60.4, 12, 200311, 39.2, 0))
(1948, (550283, 270402, 49.1, 11, 202914, 36.9, 0))
(1952, (892553, 443710, 49.7, 0, 446147, 50.0, 11))
(1956, (939404, 456507, 48.6, 0, 462288, 49.2, 11))
(1960, (1051792, 481453, 45.8, 0, 556577, 52.9, 11))
(1964, (1143946, 634947, 55.5, 11, 508965, 44.5, 0))
(1968, (1248617, 351233, 28.1, 0, 472592, 37.8, 11))
(1972, (1201182, 357293, 29.7, 0, 813147, 67.7, 10))
(1980, (1617616, 783051, 48.4, 0, 787761, 48.7, 10))
(1984, (1711994, 711714, 41.6, 0, 990212, 57.8, 11))
(1988, (1636250, 679794, 41.5, 0, 947233, 57.9, 11))
(1992, (1982638, 933521, 47.1, 11, 841300, 42.4, 0))
(1996, (1894105, 909146, 48.0, 11, 863530, 45.6, 0))
(2000, (2076181, 981720, 47.3, 0, 1061949, 51.1, 11))
(2004, (2437319, 1036477, 42.5, 0, 1384375, 56.8, 11))
(2008, (2599749, 1087437, 41.8, 0, 1479178, 56.9, 11))
(2012, (2458577, 960709, 39.1, 0, 1462330, 59.5, 11))
(2016, (2508027, 870695, 34.7, 0, 1522925, 60.7, 11))
(2020, (3053851, 1143711, 37.45, 0, 1852475, 60.66, 11))
(2024, (3063942, 1056265, 34.47, 0, 1966865, 64.19, 11))
