(1916, (372467, 286514, 76.9, 20, 64999, 17.5, 0))
(1920, (486109, 287920, 59.2, 20, 114658, 23.6, 0))
(1924, (657054, 483381, 73.6, 20, 130794, 19.9, 0))
(1928, (708999, 341032, 48.1, 0, 367036, 51.8, 20))
(1932, (863406, 760348, 88.1, 23, 97959, 11.3, 0))
(1936, (843482, 734485, 87.1, 23, 103874, 12.3, 0))
(1940, (1041168, 840151, 80.7, 23, 199152, 19.1, 0))
(1944, (1150334, 821605, 71.4, 23, 191423, 16.6, 0))
(1948, (1147245, 750700, 65.4, 23, 282240, 24.6, 0))
(1952, (2075946, 969228, 46.7, 0, 1102878, 53.1, 24))
(1956, (1955168, 859958, 44.0, 0, 1080619, 55.3, 24))
(1960, (2311084, 1167567, 50.5, 24, 1121310, 48.5, 0))
(1964, (2626811, 1663185, 63.3, 25, 958566, 36.5, 0))
(1968, (3079216, 1266804, 41.1, 25, 1227844, 39.9, 0))
(1972, (3471281, 1154289, 33.3, 0, 2298896, 66.2, 26))
(1980, (4541636, 1881147, 41.4, 0, 2510705, 55.3, 26))
(1984, (5397571, 1949276, 36.1, 0, 3433428, 63.6, 29))
(1988, (5427410, 2352748, 43.3, 0, 3036829, 56.0, 29))
(1992, (6154018, 2281815, 37.1, 0, 2496071, 40.6, 32))
(1996, (5611644, 2459683, 43.8, 0, 2736167, 48.8, 32))
(2000, (6407637, 2433746, 38.0, 0, 3799639, 59.3, 32))
(2004, (7410765, 2832704, 38.2, 0, 4526917, 61.1, 34))
(2008, (8077795, 3528633, 43.7, 0, 4479328, 55.5, 34))
(2012, (7993851, 3308124, 41.4, 0, 4569843, 57.2, 38))
(2016, (8969226, 3877868, 43.2, 0, 4685047, 52.2, 38))
(2020, (11315056, 5259126, 46.48, 0, 5890347, 52.06, 38))
(2024, (11388674, 4835250, 42.46, 0, 6393597, 56.14, 40))
