(1916, (134615, 70054, 52.0, 4, 55368, 41.1, 0))
(1920, (138359, 46930, 33.9, 0, 91351, 66.0, 4))
(1924, (147690, 23951, 16.2, 0, 69791, 47.3, 4))
(1928, (154230, 53074, 34.4, 0, 99848, 64.7, 4))
(1932, (186520, 109479, 58.7, 4, 71312, 38.2, 0))
(1936, (199617, 125683, 63.0, 4, 66256, 33.2, 0))
(1940, (235168, 127842, 54.4, 4, 106553, 45.3, 0))
(1944, (208321, 107399, 51.6, 4, 100137, 48.1, 0))
(1948, (214816, 107370, 50.0, 4, 101514, 47.3, 0))
(1952, (276254, 95081, 34.4, 0, 180707, 65.4, 4))
(1956, (272989, 105868, 38.8, 0, 166979, 61.2, 4))
(1960, (300450, 138853, 46.2, 0, 161597, 53.8, 4))
(1964, (292477, 148920, 50.9, 4, 143557, 49.1, 0))
(1968, (291183, 89273, 30.7, 0, 165369, 56.8, 4))
(1972, (310379, 80826, 26.0, 0, 199384, 64.2, 4))
(1980, (437431, 110192, 25.2, 0, 290699, 66.5, 4))
(1984, (411144, 108510, 26.4, 0, 297523, 72.4, 4))
(1988, (408968, 147272, 36.0, 0, 253881, 62.1, 4))
(1992, (482142, 137013, 28.4, 0, 202645, 42.0, 4))
(1996, (491719, 165443, 33.6, 0, 256595, 52.2, 4))
(2000, (501621, 138637, 27.6, 0, 336937, 67.2, 4))
(2004, (598447, 181098, 30.3, 0, 409235, 68.4, 4))
(2008, (655032, 236440, 36.1, 0, 403012, 61.5, 4))
(2012, (652274, 212787, 32.6, 0, 420911, 64.5, 4))
(2016, (690255, 189765, 27.5, 0, 409055, 59.3, 4))
(2020, (868014, 287021, 33.07, 0, 554119, 63.84, 4))
(2024, (904812, 274972, 30.39, 0, 605246, 66.89, 4))
