(1916, (718853, 334063, 46.5, 0, 341005, 47.4, 15))
(1920, (1262974, 511364, 40.5, 0, 696370, 55.1, 15))
(1924, (1272390, 492245, 38.7, 0, 703042, 55.3, 15))
(1928, (1421314, 562691, 39.6, 0, 848290, 59.7, 15))
(1932, (1576927, 862054, 54.7, 14, 677184, 42.9, 0))
(1936, (1650897, 934974, 56.6, 14, 691570, 41.9, 0))
(1940, (1782747, 874063, 49.0, 0, 899466, 50.5, 14))
(1944, (1672091, 781403, 46.7, 0, 875891, 52.4, 13))
(1948, (1656212, 807831, 48.8, 0, 821079, 49.6, 13))
(1952, (1955049, 801530, 41.0, 0, 1136259, 58.1, 13))
(1956, (1974607, 783908, 39.7, 0, 1182811, 59.9, 13))
(1960, (2135360, 952358, 44.6, 0, 1175120, 55.0, 13))
(1964, (2091606, 1170848, 56.0, 13, 911118, 43.6, 0))
(1968, (2123597, 806659, 38.0, 0, 1067885, 50.3, 13))
(1972, (2125529, 708568, 33.3, 0, 1405154, 66.1, 13))
(1980, (2242033, 844197, 37.7, 0, 1255656, 56.0, 13))
(1984, (2233069, 841481, 37.7, 0, 1377230, 61.7, 12))
(1988, (2168621, 860643, 39.7, 0, 1297763, 59.8, 12))
(1992, (2305871, 848420, 36.8, 0, 989375, 42.9, 12))
(1996, (2135431, 887424, 41.6, 0, 1006693, 47.1, 12))
(2000, (2199302, 901980, 41.0, 0, 1245836, 56.6, 12))
(2004, (2468002, 969011, 39.3, 0, 1479438, 59.9, 11))
(2008, (2751054, 1374039, 49.9, 11, 1345648, 48.9, 0))
(2012, (2624534, 1152887, 43.9, 0, 1420543, 54.1, 11))
(2016, (2734958, 1033126, 37.8, 0, 1557286, 56.9, 11))
(2020, (3033121, 1242416, 40.96, 0, 1729519, 57.02, 11))
(2024, (2936677, 1163603, 39.62, 0, 1720347, 58.58, 11))
