(1916, (494442, 211018, 42.7, 0, 268982, 54.4, 14))
(1920, (910251, 258761, 28.4, 0, 615333, 67.6, 14))
(1924, (1088054, 298043, 27.4, 0, 676277, 62.2, 14))
(1928, (1549381, 616517, 39.8, 0, 926050, 59.8, 14))
(1932, (1630063, 806630, 49.5, 16, 775684, 47.6, 0))
(1936, (1820437, 1083850, 59.5, 16, 720322, 39.6, 0))
(1940, (1972552, 1016808, 51.5, 16, 945475, 47.9, 0))
(1944, (1963761, 987874, 50.3, 16, 961335, 49.0, 0))
(1948, (1949555, 895455, 45.9, 0, 981124, 50.3, 16))
(1952, (2418554, 1015902, 42.0, 0, 1373613, 56.8, 16))
(1956, (2484312, 850337, 34.2, 0, 1606942, 64.7, 16))
(1960, (2773111, 1385415, 50.0, 16, 1363324, 49.2, 0))
(1964, (2847663, 1868231, 65.6, 17, 964174, 33.9, 0))
(1968, (2875395, 1264206, 44.0, 0, 1325467, 46.1, 17))
(1972, (2997229, 1102211, 36.8, 0, 1845502, 61.6, 17))
(1980, (2975684, 1147364, 38.6, 0, 1546557, 52.0, 17))
(1984, (3217862, 1261323, 39.2, 0, 1933630, 60.1, 16))
(1988, (3099553, 1320352, 42.6, 0, 1743192, 56.2, 16))
(1992, (3343594, 1436206, 43.0, 15, 1356865, 40.6, 0))
(1996, (3075807, 1652329, 53.7, 15, 1103078, 35.9, 0))
(2000, (3187226, 1788850, 56.1, 15, 1284173, 40.3, 0))
(2004, (3611691, 1911430, 52.9, 15, 1670003, 46.2, 0))
(2008, (3868237, 2215422, 57.3, 15, 1613207, 41.7, 0))
(2012, (3638499, 2122786, 58.3, 14, 1478088, 40.6, 0))
(2016, (3874046, 2148278, 55.5, 14, 1601933, 41.4, 0))
(2020, (4549353, 2608335, 57.33, 14, 1883274, 41.4, 0))
(2024, (4272725, 2220713, 51.97, 14, 1968215, 46.06, 0))
