(1916, (128942, 59191, 45.9, 0, 64217, 49.8, 5))
(1920, (182237, 35938, 19.7, 0, 110692, 60.7, 5))
(1924, (203868, 27214, 13.3, 0, 101299, 49.7, 5))
(1928, (261857, 102660, 39.2, 0, 157603, 60.2, 5))
(1932, (288438, 183515, 63.6, 4, 99212, 34.4, 0))
(1936, (296452, 160137, 54.0, 4, 125977, 42.5, 0))
(1940, (308427, 131362, 42.6, 0, 177065, 57.4, 4))
(1944, (232076, 96711, 41.7, 0, 135365, 58.3, 4))
(1948, (250105, 117653, 47.0, 0, 129651, 51.8, 4))
(1952, (294283, 90426, 30.7, 0, 203857, 69.3, 4))
(1956, (293857, 122288, 41.6, 0, 171569, 58.4, 4))
(1960, (306487, 128070, 41.8, 0, 178417, 58.2, 4))
(1964, (293118, 163010, 55.6, 4, 130108, 44.4, 0))
(1968, (281264, 118023, 42.0, 0, 149841, 53.3, 4))
(1972, (307415, 139945, 45.5, 0, 166476, 54.2, 4))
(1980, (327703, 103855, 31.7, 0, 198343, 60.5, 4))
(1984, (317867, 116113, 36.5, 0, 200267, 63.0, 3))
(1988, (312991, 145560, 46.5, 0, 165415, 52.8, 3))
(1992, (336254, 124888, 37.1, 0, 136718, 40.7, 3))
(1996, (323826, 139333, 43.0, 0, 150543, 46.5, 3))
(2000, (316269, 118804, 37.6, 0, 190700, 60.3, 3))
(2004, (388215, 149244, 38.4, 0, 232584, 59.9, 3))
(2008, (381975, 170924, 44.7, 0, 203054, 53.2, 3))
(2012, (363815, 145039, 39.9, 0, 210610, 57.9, 3))
(2016, (370047, 117442, 31.7, 0, 227701, 61.5, 3))
(2020, (422609, 150471, 35.61, 0, 261043, 61.77, 3))
(2024, (428922, 146859, 34.24, 0, 272081, 63.43, 3))
