(1916, (629813, 314588, 49.9, 10, 277658, 44.1, 0))
(1920, (570243, 185464, 32.5, 0, 369268, 64.8, 10))
(1924, (662456, 156320, 23.6, 0, 407671, 61.5, 10))
(1928, (713200, 193003, 27.1, 0, 513672, 72.0, 10))
(1932, (791978, 424204, 53.6, 9, 349498, 44.1, 0))
(1936, (865507, 464520, 53.7, 9, 397727, 46.0, 0))
(1940, (860297, 364725, 42.4, 0, 489169, 56.9, 9))
(1944, (733776, 287458, 39.2, 0, 442096, 60.2, 8))
(1948, (788819, 351902, 44.6, 0, 423039, 53.6, 8))
(1952, (896166, 273296, 30.5, 0, 616302, 68.8, 8))
(1956, (866243, 296317, 34.2, 0, 566878, 65.4, 8))
(1960, (928825, 363213, 39.1, 0, 561474, 60.4, 8))
(1964, (857901, 464028, 54.1, 7, 386579, 45.1, 0))
(1968, (872783, 302996, 34.7, 0, 478674, 54.8, 7))
(1972, (916095, 270287, 29.5, 0, 619812, 67.7, 7))
(1980, (979795, 326150, 33.3, 0, 566812, 57.9, 7))
(1984, (1021991, 333149, 32.6, 0, 677296, 66.3, 7))
(1988, (993044, 422636, 42.6, 0, 554049, 55.8, 7))
(1992, (1157335, 390434, 33.7, 0, 449951, 38.9, 6))
(1996, (1074300, 387659, 36.1, 0, 583245, 54.3, 6))
(2000, (1072218, 399276, 37.2, 0, 622332, 58.0, 6))
(2004, (1187756, 434993, 36.6, 0, 736456, 62.0, 6))
(2008, (1235872, 514765, 41.7, 0, 699655, 56.6, 6))
(2012, (1159971, 440726, 38.0, 0, 692634, 59.7, 6))
(2016, (1184402, 427005, 36.1, 0, 671018, 56.7, 6))
(2020, (1372303, 570323, 41.56, 0, 771406, 56.21, 6))
(2024, (1327591, 544853, 41.04, 0, 758802, 57.16, 6))
