(1916, (58019, 33170, 57.2, 3, 20522, 35.4, 0))
(1920, (66803, 29546, 44.2, 0, 37016, 55.4, 3))
(1924, (73961, 26235, 35.5, 0, 30516, 41.3, 3))
(1928, (91254, 38537, 42.2, 0, 52533, 57.6, 3))
(1932, (118251, 79264, 67.0, 3, 36104, 30.5, 0))
(1936, (124163, 86722, 69.8, 3, 33433, 26.9, 0))
(1940, (150039, 95267, 63.5, 3, 54030, 36.0, 0))
(1944, (137634, 80926, 58.8, 4, 56287, 40.9, 0))
(1948, (177065, 95251, 53.8, 4, 77597, 43.8, 0))
(1952, (260570, 108528, 41.7, 0, 152042, 58.3, 4))
(1956, (290173, 112880, 38.9, 0, 176990, 61.0, 4))
(1960, (398491, 176781, 44.4, 0, 221241, 55.5, 4))
(1964, (480770, 237753, 49.5, 0, 242535, 50.4, 5))
(1968, (486936, 170514, 35.0, 0, 266721, 54.8, 5))
(1972, (622926, 198540, 31.9, 0, 402812, 64.7, 6))
(1980, (873945, 246843, 28.2, 0, 529688, 60.6, 6))
(1984, (1025897, 333854, 32.5, 0, 681416, 66.4, 7))
(1988, (1171873, 454029, 38.7, 0, 702541, 60.0, 7))
(1992, (1486975, 543050, 36.5, 0, 572086, 38.5, 8))
(1996, (1404405, 653288, 46.5, 8, 622073, 44.3, 0))
(2000, (1532016, 685341, 44.7, 0, 781652, 51.0, 8))
(2004, (2012585, 893524, 44.4, 0, 1104294, 54.9, 10))
(2008, (2293475, 1034707, 45.1, 0, 1230111, 53.6, 10))
(2012, (2299254, 1025232, 44.6, 0, 1233654, 53.7, 11))
(2016, (2573165, 1161167, 45.1, 0, 1252401, 48.7, 11))
(2020, (3387326, 1672143, 49.36, 11, 1661686, 49.06, 0))
(2024, (3390161, 1582860, 46.69, 0, 1770242, 52.22, 11))
