(1916, (115390, 55206, 47.8, 5, 53471, 46.3, 0))
(1920, (205786, 37422, 18.2, 0, 160082, 77.8, 5))
(1924, (199081, 13858, 7.0, 0, 94931, 47.7, 5))
(1928, (239845, 106648, 44.5, 0, 131419, 54.8, 5))
(1932, (256290, 178350, 69.6, 4, 71772, 28.0, 0))
(1936, (273716, 163148, 59.6, 4, 72751, 26.6, 0))
(1940, (280775, 124036, 44.2, 0, 154590, 55.1, 4))
(1944, (220182, 100144, 45.5, 0, 118535, 53.8, 4))
(1948, (220716, 95812, 43.4, 0, 115139, 52.2, 4))
(1952, (270127, 76694, 28.4, 0, 191712, 71.0, 4))
(1956, (253991, 96742, 38.1, 0, 156766, 61.7, 4))
(1960, (278431, 123963, 44.5, 0, 154310, 55.4, 4))
(1964, (258389, 149784, 58.0, 4, 108207, 41.9, 0))
(1968, (247882, 94769, 38.2, 0, 138669, 55.9, 4))
(1972, (280514, 100384, 35.8, 0, 174109, 62.1, 3))
(1980, (301545, 79189, 26.3, 0, 193695, 64.2, 3))
(1984, (308971, 104429, 33.8, 0, 200336, 64.8, 3))
(1988, (297261, 127739, 43.0, 0, 166559, 56.0, 3))
(1992, (308133, 99168, 32.2, 0, 136244, 44.2, 3))
(1996, (266411, 106905, 40.1, 0, 125050, 46.9, 3))
(2000, (288256, 95284, 33.1, 0, 174852, 60.7, 3))
(2004, (312833, 111052, 35.5, 0, 196651, 62.9, 3))
(2008, (316621, 141278, 44.6, 0, 168601, 53.3, 3))
(2012, (322932, 124966, 38.7, 0, 188320, 58.3, 3))
(2016, (344360, 93758, 27.2, 0, 216794, 63.0, 3))
(2020, (361819, 114902, 31.76, 0, 235595, 65.11, 3))
(2024, (368155, 112327, 30.51, 0, 246505, 66.96, 3))
