(1916, (87816, 40394, 46.0, 0, 44858, 51.1, 5))
(1920, (167981, 55062, 32.8, 0, 107463, 64.0, 5))
(1924, (210115, 76606, 36.5, 0, 125286, 59.6, 5))
(1928, (237194, 118973, 50.2, 5, 117522, 49.5, 0))
(1932, (266170, 146604, 55.1, 4, 115266, 43.3, 0))
(1936, (310278, 164338, 53.0, 4, 125031, 40.3, 0))
(1940, (321152, 182181, 56.7, 4, 138654, 43.2, 0))
(1944, (299276, 175356, 58.6, 4, 123487, 41.3, 0))
(1948, (327702, 188736, 57.6, 4, 135787, 41.4, 0))
(1952, (414498, 203293, 49.0, 0, 210935, 50.9, 4))
(1956, (387609, 161790, 41.7, 0, 225819, 58.3, 4))
(1960, (405535, 258032, 63.6, 4, 147502, 36.4, 0))
(1964, (390091, 315463, 80.9, 4, 74615, 19.1, 0))
(1968, (385000, 246518, 64.0, 4, 122359, 31.8, 0))
(1972, (415808, 194645, 46.8, 0, 220383, 53.0, 4))
(1980, (416072, 198342, 47.7, 4, 154793, 37.2, 0))
(1984, (410492, 197106, 48.0, 0, 212080, 51.7, 4))
(1988, (404620, 225123, 55.6, 4, 177761, 43.9, 0))
(1992, (453477, 213299, 47.0, 4, 131601, 29.0, 0))
(1996, (390284, 233050, 59.7, 4, 104683, 26.8, 0))
(2000, (409047, 249508, 61.0, 4, 130555, 31.9, 0))
(2004, (437134, 259765, 59.4, 4, 169046, 38.7, 0))
(2008, (469767, 296571, 63.1, 4, 165391, 35.2, 0))
(2012, (446049, 279677, 62.7, 4, 157204, 35.2, 0))
(2016, (464144, 252525, 54.4, 4, 180543, 38.9, 0))
(2020, (517757, 307486, 59.39, 4, 199922, 38.61, 0))
(2024, (513386, 285156, 55.54, 4, 214406, 41.76, 0))
