(1916, (294375, 178816, 60.5, 6, 102308, 34.8, 0))
(1920, (292053, 104936, 35.9, 0, 173248, 59.3, 6))
(1924, (342261, 75238, 22.0, 0, 195171, 57.0, 6))
(1928, (392242, 133131, 33.9, 0, 253872, 64.7, 6))
(1932, (457696, 250877, 54.8, 6, 189617, 41.4, 0))
(1936, (488685, 295021, 60.4, 6, 181267, 37.1, 0))
(1940, (549004, 265554, 48.4, 0, 279576, 50.9, 6))
(1944, (505039, 234331, 46.4, 0, 268731, 53.2, 6))
(1948, (515237, 267288, 51.9, 6, 239714, 46.5, 0))
(1952, (630103, 245504, 39.0, 0, 379782, 60.3, 6))
(1956, (657074, 257997, 39.3, 0, 394479, 60.0, 6))
(1960, (736236, 330629, 44.9, 0, 402242, 54.6, 6))
(1964, (776986, 476024, 61.3, 6, 296767, 38.2, 0))
(1968, (811199, 335174, 41.3, 0, 409345, 50.5, 6))
(1972, (953884, 329980, 34.6, 0, 597189, 62.6, 7))
(1980, (1184415, 367973, 31.1, 0, 652264, 55.1, 7))
(1984, (1295380, 454975, 35.1, 0, 821817, 63.4, 8))
(1988, (1372394, 621453, 45.3, 0, 728177, 53.1, 8))
(1992, (1569180, 629681, 40.1, 8, 562850, 35.9, 0))
(1996, (1510704, 671152, 44.4, 0, 691848, 45.8, 8))
(2000, (1741368, 738227, 42.4, 0, 883748, 50.8, 8))
(2004, (2130330, 1001732, 47.0, 0, 1101255, 51.7, 9))
(2008, (2401361, 1288576, 53.7, 9, 1073589, 44.7, 0))
(2012, (2569520, 1323101, 51.5, 9, 1185243, 46.1, 0))
(2016, (2780220, 1338870, 48.2, 9, 1202484, 43.3, 0))
(2020, (3256952, 1804352, 55.4, 9, 1364607, 41.9, 0))
(2024, (3192745, 1728159, 54.13, 10, 1377441, 43.14, 0))
