(1916, (86679, 80422, 92.8, 10, 4253, 4.9, 0))
(1920, (82351, 69136, 84.0, 10, 11576, 14.1, 0))
(1924, (112442, 100474, 89.4, 10, 8494, 7.6, 0))
(1928, (151568, 124538, 82.2, 10, 27030, 17.8, 0))
(1932, (146034, 140168, 96.0, 9, 5180, 3.5, 0))
(1936, (162142, 157333, 97.0, 9, 4467, 2.8, 0))
(1940, (175824, 168267, 95.7, 9, 7364, 4.2, 0))
(1944, (180234, 168621, 93.6, 9, 11613, 6.4, 0))
(1948, (192190, 19384, 10.1, 0, 5043, 2.6, 0))
(1952, (285532, 172566, 60.4, 8, 112966, 39.6, 0))
(1956, (248104, 144453, 58.2, 8, 60685, 24.5, 0))
(1960, (298171, 108362, 36.3, 0, 73561, 24.7, 0))
(1964, (409146, 52618, 12.9, 0, 356528, 87.1, 7))
(1968, (654509, 150644, 23.0, 0, 88516, 13.5, 0))
(1972, (645963, 126782, 19.6, 0, 505125, 78.2, 7))
(1980, (892620, 429281, 48.1, 0, 441089, 49.4, 7))
(1984, (941104, 352192, 37.4, 0, 582377, 61.9, 7))
(1988, (931527, 363921, 39.1, 0, 557890, 59.9, 7))
(1992, (981793, 400258, 40.8, 0, 487793, 49.7, 7))
(1996, (893857, 394022, 44.1, 0, 439838, 49.2, 7))
(2000, (994184, 404614, 40.7, 0, 572844, 57.6, 7))
(2004, (1152145, 458094, 39.8, 0, 684981, 59.5, 6))
(2008, (1289865, 554662, 43.0, 0, 724597, 56.2, 6))
(2012, (1285584, 562949, 43.8, 0, 710746, 55.3, 6))
(2016, (1209357, 485131, 40.1, 0, 700714, 57.9, 6))
(2020, (1313759, 539398, 41.06, 0, 756764, 57.6, 6))
(2024, (1228008, 466668, 38.0, 0, 747744, 60.89, 6))
