(1916, (999250, 465936, 46.6, 13, 462516, 46.3, 0))
(1920, (943463, 229191, 24.3, 0, 624992, 66.2, 13))
(1924, (1281778, 105514, 8.2, 0, 733250, 57.2, 13))
(1928, (1796656, 614365, 34.2, 0, 1162323, 64.7, 13))
(1932, (2266972, 1324157, 58.4, 22, 847902, 37.4, 0))
(1936, (2638882, 1766836, 67.0, 22, 836431, 31.7, 0))
(1940, (3268791, 1877618, 57.4, 22, 1351419, 41.3, 0))
(1944, (3520875, 1988564, 56.5, 25, 1512965, 43.0, 0))
(1948, (4021538, 1913134, 47.6, 25, 1895269, 47.1, 0))
(1952, (5141849, 2197548, 42.7, 0, 2897310, 56.3, 32))
(1956, (5466355, 2420135, 44.3, 0, 3027668, 55.4, 32))
(1960, (6506578, 3224099, 49.6, 0, 3259722, 50.1, 32))
(1964, (7057586, 4171877, 59.1, 40, 2879108, 40.8, 0))
(1968, (7251587, 3244318, 44.7, 0, 3467664, 47.8, 40))
(1972, (8367862, 3475847, 41.5, 0, 4602096, 55.0, 45))
(1980, (8587063, 3083661, 35.9, 0, 4524858, 52.7, 45))
(1984, (9505423, 3922519, 41.3, 0, 5467009, 57.5, 47))
(1988, (9887065, 4702233, 47.6, 0, 5054917, 51.1, 47))
(1992, (11131721, 5121325, 46.0, 54, 3630574, 32.6, 0))
(1996, (10019484, 5119835, 51.1, 54, 3828380, 38.2, 0))
(2000, (10965856, 5861203, 53.4, 54, 4567429, 41.7, 0))
(2004, (12421852, 6745485, 54.3, 55, 5509826, 44.4, 0))
(2008, (13561900, 8274473, 61.0, 55, 5011781, 37.0, 0))
(2012, (13038547, 7854285, 60.2, 55, 4839958, 37.1, 0))
(2016, (14181595, 8753788, 61.7, 55, 4483810, 31.6, 0))
(2020, (17500881, 11110250, 63.48, 55, 6006429, 34.32, 0))
(2024, (15865475, 9276179, 58.47, 54, 6081697, 38.33, 0))
