(1916, (1165091, 604161, 51.9, 24, 514753, 44.2, 0))
(1920, (2021653, 780037, 38.6, 0, 1182022, 58.5, 24))
(1924, (2016296, 477887, 23.7, 0, 1176130, 58.3, 24))
(1928, (2508346, 864210, 34.5, 0, 1627546, 64.9, 24))
(1932, (2609728, 1301695, 49.9, 26, 1227319, 47.0, 0))
(1936, (3012660, 1747140, 58.0, 26, 1127855, 37.4, 0))
(1940, (3319912, 1733139, 52.2, 26, 1586773, 47.8, 0))
(1944, (3153056, 1570763, 49.8, 0, 1582293, 50.2, 25))
(1948, (2936071, 1452791, 49.5, 25, 1445684, 49.2, 0))
(1952, (3700758, 1600367, 43.2, 0, 2100391, 56.8, 25))
(1956, (3702265, 1439655, 38.9, 0, 2262610, 61.1, 25))
(1960, (4161859, 1944248, 46.7, 0, 2217611, 53.3, 25))
(1964, (3969196, 2498331, 62.9, 26, 1470865, 37.1, 0))
(1968, (3959698, 1700586, 42.9, 0, 1791014, 45.2, 26))
(1972, (4094787, 1558889, 38.1, 0, 2441827, 59.6, 25))
(1980, (4283603, 1752414, 40.9, 0, 2206545, 51.5, 25))
(1984, (4547619, 1825440, 40.1, 0, 2678560, 58.9, 23))
(1988, (4393699, 1939629, 44.1, 0, 2416549, 55.0, 23))
(1992, (4939967, 1984942, 40.2, 21, 1894310, 38.3, 0))
(1996, (4534434, 2148222, 47.4, 21, 1859883, 41.0, 0))
(2000, (4701998, 2183628, 46.4, 0, 2350363, 50.0, 21))
(2004, (5627908, 2741167, 48.7, 0, 2859768, 50.8, 20))
(2008, (5698260, 2933388, 51.5, 20, 2674491, 46.9, 0))
(2012, (5580822, 2827621, 50.7, 18, 2661407, 47.7, 0))
(2016, (5496487, 2394164, 43.6, 0, 2841005, 51.7, 18))
(2020, (5922202, 2679165, 45.24, 0, 3154834, 53.27, 18))
(2024, (5767788, 2533699, 43.93, 0, 3180116, 55.14, 17))
