(1916, (261650, 120087, 45.9, 0, 126813, 48.5, 5))
(1920, (238522, 80019, 33.5, 0, 143592, 60.2, 5))
(1924, (279488, 67589, 24.2, 0, 142579, 51.0, 5))
(1928, (319942, 109223, 34.1, 0, 205341, 64.2, 5))
(1932, (368751, 213871, 58.0, 5, 136019, 36.9, 0))
(1936, (414021, 266733, 64.4, 5, 122706, 29.6, 0))
(1940, (481240, 258415, 53.7, 5, 219555, 45.6, 0))
(1944, (480147, 248635, 51.8, 6, 225365, 46.9, 0))
(1948, (524080, 243147, 46.4, 0, 260904, 49.8, 6))
(1952, (695059, 270579, 38.9, 0, 420815, 60.5, 6))
(1956, (736132, 329204, 44.7, 0, 406393, 55.2, 6))
(1960, (776421, 367402, 47.3, 0, 408060, 52.6, 6))
(1964, (786305, 501017, 63.7, 6, 282779, 36.0, 0))
(1968, (819622, 358866, 43.8, 0, 408433, 49.8, 6))
(1972, (927946, 392760, 42.3, 0, 486686, 52.4, 6))
(1980, (1181516, 456890, 38.7, 0, 571044, 48.3, 6))
(1984, (1226527, 536479, 43.7, 0, 685700, 55.9, 7))
(1988, (1201694, 616206, 51.3, 7, 560126, 46.6, 0))
(1992, (1462643, 621314, 42.5, 7, 475757, 32.5, 0))
(1996, (1377760, 649641, 47.2, 7, 538152, 39.1, 0))
(2000, (1533968, 720342, 47.0, 7, 713577, 46.5, 0))
(2004, (1836782, 943163, 51.3, 7, 866831, 47.2, 0))
(2008, (1827864, 1037291, 56.7, 7, 738475, 40.4, 0))
(2012, (1789270, 970488, 54.2, 7, 754175, 42.1, 0))
(2016, (2001336, 1002106, 50.1, 7, 782403, 39.1, 0))
(2020, (2374321, 1340383, 56.45, 7, 958448, 40.37, 0))
(2024, (2244493, 1240600, 55.27, 8, 919480, 40.97, 0))
