(1916, (1706305, 759426, 44.5, 0, 879238, 51.5, 45))
(1920, (2898513, 781238, 27.0, 0, 1871167, 64.6, 45))
(1924, (3263939, 950796, 29.1, 0, 1820058, 55.8, 45))
(1928, (4405626, 2089863, 47.4, 0, 2193344, 49.8, 45))
(1932, (4688614, 2534959, 54.1, 47, 1937963, 41.3, 0))
(1936, (5596398, 3293222, 58.8, 47, 2180670, 39.0, 0))
(1940, (6301596, 3251918, 51.6, 47, 3027478, 48.0, 0))
(1944, (6316790, 3304238, 52.3, 47, 2987647, 47.3, 0))
(1948, (6177337, 2780204, 45.0, 0, 2841163, 46.0, 47))
(1952, (7128239, 3104601, 43.6, 0, 3952813, 55.5, 45))
(1956, (7095971, 2747944, 38.7, 0, 4345506, 61.2, 45))
(1960, (7291079, 3830085, 52.5, 45, 3446419, 47.3, 0))
(1964, (7166275, 4913102, 68.6, 43, 2243559, 31.3, 0))
(1968, (6791688, 3378470, 49.7, 43, 3007932, 44.3, 0))
(1972, (7165919, 2951084, 41.2, 0, 4192778, 58.5, 41))
(1980, (6201959, 2728372, 44.0, 0, 2893831, 46.7, 41))
(1984, (6806810, 3119609, 45.8, 0, 3664763, 53.8, 36))
(1988, (6485683, 3347882, 51.6, 36, 3081871, 47.5, 0))
(1992, (6926925, 3444450, 49.7, 33, 2346649, 33.9, 0))
(1996, (6316129, 3756177, 59.5, 33, 1933492, 30.6, 0))
(2000, (6821999, 4107697, 60.2, 33, 2403374, 35.2, 0))
(2004, (7391036, 4314280, 58.4, 31, 2962567, 40.1, 0))
(2008, (7591233, 4769700, 62.8, 31, 2742298, 36.1, 0))
(2012, (7061925, 4471871, 63.4, 29, 2485432, 35.2, 0))
(2016, (7622328, 4491191, 58.9, 29, 2790073, 36.6, 0))
(2020, (8594826, 5230985, 60.86, 29, 3244798, 37.75, 0))
(2024, (8262495, 4619195, 55.91, 28, 3578899, 43.31, 0))
