(1916, (2192707, 950229, 43.3, 0, 1152549, 52.6, 29))
(1920, (2094714, 534395, 25.5, 0, 1420480, 67.8, 29))
(1924, (2470067, 576975, 23.4, 0, 1453321, 58.8, 29))
(1928, (3107489, 1313817, 42.3, 0, 1769141, 56.9, 29))
(1932, (3407926, 1882304, 55.2, 29, 1432756, 42.0, 0))
(1936, (3956522, 2282999, 57.7, 29, 1570393, 39.7, 0))
(1940, (4217935, 2149934, 51.0, 29, 2047240, 48.5, 0))
(1944, (4036061, 2079479, 51.5, 28, 1939314, 48.0, 0))
(1948, (3984046, 1994715, 50.1, 28, 1961103, 49.2, 0))
(1952, (4481058, 2013920, 44.9, 0, 2457327, 54.8, 27))
(1956, (4407407, 1775682, 40.3, 0, 2623327, 59.5, 27))
(1960, (4757409, 2377846, 50.0, 27, 2368988, 49.8, 0))
(1964, (4702841, 2796833, 59.5, 26, 1905946, 40.5, 0))
(1968, (4619749, 2039814, 44.2, 0, 2174774, 47.1, 26))
(1972, (4723236, 1913472, 40.5, 0, 2788179, 59.0, 26))
(1980, (4749721, 1981413, 41.7, 0, 2358049, 49.6, 26))
(1984, (4819088, 2086499, 43.3, 0, 2707103, 56.2, 24))
(1988, (4559120, 2215940, 48.6, 0, 2310939, 50.7, 24))
(1992, (5050157, 2453350, 48.6, 22, 1734096, 34.3, 0))
(1996, (4311391, 2341744, 54.3, 22, 1587021, 36.8, 0))
(2000, (4742123, 2589026, 54.6, 22, 2019421, 42.6, 0))
(2004, (5274322, 2891550, 54.8, 21, 2345946, 44.5, 0))
(2008, (5523051, 3419673, 61.9, 21, 2031527, 36.8, 0))
(2012, (5242014, 3019512, 57.6, 20, 2135216, 40.7, 0))
(2016, (5536424, 3090729, 55.8, 20, 2146015, 38.8, 0))
(2020, (6033744, 3471915, 57.54, 20, 2446891, 40.55, 0))
(2024, (5633310, 3062863, 54.37, 19, 2449079, 43.47, 0))
