(1916, (136314, 64033, 47.0, 0, 69508, 51.0, 6))
(1920, (197840, 58961, 29.8, 0, 136355, 68.9, 6))
(1924, (192192, 41964, 21.8, 0, 138440, 72.0, 6))
(1928, (262170, 81179, 31.0, 0, 179923, 68.6, 6))
(1932, (298444, 128907, 43.2, 0, 166631, 55.8, 5))
(1936, (304240, 126333, 41.5, 0, 168823, 55.5, 5))
(1940, (320840, 156478, 48.8, 0, 163951, 51.1, 5))
(1944, (296400, 140631, 47.4, 0, 155434, 52.4, 5))
(1948, (264787, 111916, 42.3, 0, 150234, 56.7, 5))
(1952, (351786, 118806, 33.8, 0, 232353, 66.0, 5))
(1956, (351706, 102468, 29.1, 0, 249238, 70.9, 5))
(1960, (421767, 181159, 43.0, 0, 240608, 57.0, 5))
(1964, (380965, 262264, 68.8, 4, 118701, 31.2, 0))
(1968, (392936, 217312, 55.3, 4, 169254, 43.1, 0))
(1972, (417042, 160584, 38.5, 0, 256458, 61.5, 4))
(1980, (523011, 220974, 42.3, 0, 238522, 45.6, 4))
(1984, (553144, 214515, 38.8, 0, 336500, 60.8, 4))
(1988, (555035, 243569, 43.9, 0, 307131, 55.3, 4))
(1992, (679499, 263420, 38.8, 4, 206504, 30.4, 0))
(1996, (605897, 312788, 51.6, 4, 186378, 30.8, 0))
(2000, (651817, 319951, 49.1, 4, 286616, 44.0, 0))
(2004, (740752, 396842, 53.6, 4, 330201, 44.6, 0))
(2008, (731163, 421923, 57.7, 4, 295273, 40.4, 0))
(2012, (713180, 401306, 56.3, 4, 292276, 41.0, 0))
(2016, (747927, 357735, 47.8, 3, 335593, 44.9, 1))
(2020, (819461, 435072, 53.09, 2, 360737, 44.02, 0))
(2024, (830794, 435652, 52.44, 2, 377977, 45.5, 0))
