(1916, (387367, 179155, 46.2, 0, 179544, 46.3, 12))
(1920, (735838, 142994, 19.4, 0, 519421, 70.6, 12))
(1924, (822146, 55913, 6.8, 0, 420759, 51.2, 12))
(1928, (970976, 396451, 40.8, 0, 560977, 57.8, 12))
(1932, (1002843, 600806, 59.9, 11, 363959, 36.3, 0))
(1936, (1129975, 698811, 61.8, 11, 350461, 31.0, 0))
(1940, (1251188, 644196, 51.5, 11, 596274, 47.7, 0))
(1944, (1125504, 589864, 52.4, 11, 527416, 46.9, 0))
(1948, (1212226, 692966, 57.2, 11, 483617, 39.9, 0))
(1952, (1379483, 608458, 44.1, 0, 763211, 55.3, 11))
(1956, (1340005, 617525, 46.1, 0, 719302, 53.7, 11))
(1960, (1541887, 779933, 50.6, 11, 757915, 49.2, 0))
(1964, (1554462, 991117, 63.8, 10, 559624, 36.0, 0))
(1968, (1588506, 857738, 54.0, 10, 658643, 41.5, 0))
(1972, (1741652, 802346, 46.1, 0, 898269, 51.6, 10))
(1980, (2051980, 954174, 46.5, 10, 873268, 42.6, 0))
(1984, (2084449, 1036364, 49.7, 10, 1032603, 49.5, 0))
(1988, (2096790, 1109471, 52.9, 10, 962337, 45.9, 0))
(1992, (2347948, 1020997, 43.5, 10, 747841, 31.9, 0))
(1996, (2192640, 1120438, 51.1, 10, 766476, 35.0, 0))
(2000, (2438685, 1168266, 47.9, 10, 1109659, 45.5, 0))
(2004, (2828387, 1445014, 51.1, 9, 1346695, 47.6, 0))
(2008, (2910369, 1573354, 54.1, 10, 1275409, 43.8, 0))
(2012, (2936561, 1546167, 52.7, 10, 1320225, 45.0, 0))
(2016, (2944813, 1367716, 46.4, 10, 1322951, 44.9, 0))
(2020, (3277171, 1717077, 52.4, 10, 1484065, 45.28, 0))
(2024, (3253920, 1656979, 50.92, 10, 1519032, 46.68, 0))
