(1916, (143145, 84145, 58.8, 4, 54137, 37.8, 0))
(1920, (145828, 56639, 38.8, 0, 81555, 55.9, 4))
(1924, (156990, 47001, 29.9, 0, 77327, 49.3, 4))
(1928, (176603, 80985, 45.9, 0, 94618, 53.6, 4))
(1932, (206578, 116750, 56.5, 4, 84795, 41.0, 0))
(1936, (216679, 150248, 69.3, 4, 64555, 29.8, 0))
(1940, (247819, 154277, 62.3, 4, 93151, 37.6, 0))
(1944, (248319, 150088, 60.4, 4, 97891, 39.4, 0))
(1948, (276306, 149151, 54.0, 4, 124402, 45.0, 0))
(1952, (329554, 135364, 41.1, 0, 194190, 58.9, 4))
(1956, (333995, 118364, 35.4, 0, 215631, 64.6, 4))
(1960, (374709, 169248, 45.2, 0, 205361, 54.8, 4))
(1964, (401413, 219628, 54.7, 4, 181785, 45.3, 0))
(1968, (422568, 156665, 31.1, 0, 238728, 56.5, 4))
(1972, (478476, 126284, 26.4, 0, 323643, 67.6, 4))
(1980, (604222, 124266, 20.6, 0, 439687, 72.8, 4))
(1984, (629656, 155369, 24.7, 0, 469105, 74.5, 5))
(1988, (647008, 207343, 32.0, 0, 428442, 66.2, 5))
(1992, (743999, 183429, 24.7, 0, 322632, 43.4, 5))
(1996, (665629, 221633, 33.3, 0, 361911, 54.4, 5))
(2000, (770754, 203053, 26.3, 0, 515096, 66.8, 5))
(2004, (927844, 241199, 26.0, 0, 663742, 71.5, 5))
(2008, (952370, 327670, 34.4, 0, 596030, 62.6, 5))
(2012, (1017440, 251813, 24.7, 0, 740600, 72.8, 6))
(2016, (1131430, 310676, 27.5, 0, 515231, 45.5, 6))
(2020, (1488289, 560282, 37.65, 0, 865140, 58.13, 6))
(2024, (1488494, 562566, 37.79, 0, 883818, 59.38, 6))
