(1916, (178009, 101104, 56.8, 4, 66933, 37.6, 0))
(1920, (179006, 57372, 32.1, 0, 109430, 61.1, 4))
(1924, (174425, 33805, 19.4, 0, 74138, 42.5, 4))
(1928, (194108, 78578, 40.5, 0, 113300, 58.4, 4))
(1932, (216479, 127286, 58.8, 4, 78078, 36.1, 0))
(1936, (230502, 159690, 69.3, 4, 63598, 27.6, 0))
(1940, (247873, 145698, 58.8, 4, 99579, 40.2, 0))
(1944, (207355, 112556, 54.3, 4, 93163, 44.9, 0))
(1948, (224278, 119071, 53.1, 4, 96770, 43.1, 0))
(1952, (265037, 106213, 40.1, 0, 157394, 59.4, 4))
(1956, (271171, 116238, 42.9, 0, 154933, 57.1, 4))
(1960, (277579, 134891, 48.6, 0, 141841, 51.1, 4))
(1964, (278628, 164246, 58.9, 4, 113032, 40.6, 0))
(1968, (274404, 114117, 41.6, 0, 138835, 50.6, 4))
(1972, (317603, 120197, 37.8, 0, 183976, 57.9, 4))
(1980, (363952, 118032, 32.4, 0, 206814, 56.8, 4))
(1984, (384377, 146742, 38.2, 0, 232450, 60.5, 4))
(1988, (365674, 168936, 46.2, 0, 190412, 52.1, 4))
(1992, (410611, 154507, 37.6, 3, 144207, 35.1, 0))
(1996, (407261, 167922, 41.3, 0, 179652, 44.1, 3))
(2000, (410997, 137126, 33.4, 0, 240178, 58.4, 3))
(2004, (450445, 173710, 38.6, 0, 266063, 59.1, 3))
(2008, (490109, 231667, 47.3, 0, 242763, 49.5, 3))
(2012, (484048, 201839, 41.7, 0, 267928, 55.4, 3))
(2016, (494526, 177709, 35.9, 0, 279240, 56.5, 3))
(2020, (603640, 244786, 40.55, 0, 343602, 56.92, 3))
(2024, (602963, 231906, 38.46, 0, 352079, 58.39, 4))
