(1916, (66879, 33693, 50.4, 3, 31097, 46.5, 0))
(1920, (105412, 46668, 44.3, 0, 57634, 54.7, 3))
(1924, (112830, 48542, 43.0, 0, 54745, 48.5, 3))
(1928, (118077, 48211, 40.8, 0, 69708, 59.0, 3))
(1932, (151606, 95089, 62.7, 3, 54217, 35.8, 0))
(1936, (169135, 106037, 62.7, 3, 61727, 36.5, 0))
(1940, (183258, 103699, 56.6, 3, 79315, 43.3, 0))
(1944, (152225, 81389, 53.5, 4, 70688, 46.4, 0))
(1948, (187063, 105464, 56.4, 4, 80303, 42.9, 0))
(1952, (238608, 105661, 44.3, 0, 132170, 55.4, 4))
(1956, (253926, 106098, 41.8, 0, 146788, 57.8, 4))
(1960, (311107, 156027, 50.2, 4, 153733, 49.4, 0))
(1964, (328645, 194015, 59.0, 4, 132838, 40.4, 0))
(1968, (327350, 130081, 39.7, 0, 169692, 51.8, 4))
(1972, (386241, 141084, 36.5, 0, 235606, 61.0, 4))
(1980, (456971, 167826, 36.7, 0, 250779, 54.9, 4))
(1984, (514370, 201769, 39.2, 0, 307101, 59.7, 5))
(1988, (521287, 244497, 46.9, 0, 270341, 51.9, 5))
(1992, (569986, 261617, 45.9, 5, 212824, 37.3, 0))
(1996, (556074, 273495, 49.2, 5, 232751, 41.9, 0))
(2000, (598605, 286783, 47.9, 5, 286417, 47.8, 0))
(2004, (756304, 370942, 49.0, 0, 376930, 49.8, 5))
(2008, (830158, 472422, 56.9, 5, 346832, 41.8, 0))
(2012, (783758, 415335, 53.0, 5, 335788, 42.8, 0))
(2016, (798318, 385234, 48.3, 5, 319666, 40.0, 0))
(2020, (923965, 501614, 54.29, 5, 401894, 43.5, 0))
(2024, (923403, 478802, 51.85, 5, 423391, 45.85, 0))
