(1916, (380994, 183388, 48.1, 7, 167208, 43.9, 0))
(1920, (398715, 84298, 21.1, 0, 223137, 56.0, 7))
(1924, (421549, 42842, 10.2, 0, 220224, 52.2, 7))
(1928, (500840, 156772, 31.3, 0, 335844, 67.1, 7))
(1932, (614814, 353260, 57.5, 8, 208645, 33.9, 0))
(1936, (692338, 459579, 66.4, 8, 206892, 29.9, 0))
(1940, (793833, 462145, 58.2, 8, 322123, 40.6, 0))
(1944, (856328, 486774, 56.8, 8, 361689, 42.2, 0))
(1948, (905058, 476165, 52.6, 8, 386314, 42.7, 0))
(1952, (1102708, 492845, 44.7, 0, 599107, 54.3, 9))
(1956, (1150889, 523002, 45.4, 0, 620430, 53.9, 9))
(1960, (1241572, 599298, 48.3, 0, 629273, 50.7, 9))
(1964, (1258556, 779881, 62.0, 9, 470366, 37.4, 0))
(1968, (1304281, 616037, 47.2, 9, 588510, 45.1, 0))
(1972, (1470847, 568334, 38.6, 0, 837135, 56.9, 9))
(1980, (1742394, 650193, 37.3, 0, 865244, 49.7, 9))
(1984, (1883910, 807352, 42.9, 0, 1051670, 55.8, 10))
(1988, (1865253, 933516, 50.0, 10, 903835, 48.5, 0))
(1992, (2288230, 993037, 43.4, 11, 731234, 32.0, 0))
(1996, (2253837, 1123323, 49.8, 11, 840712, 37.3, 0))
(2000, (2487433, 1247652, 50.2, 11, 1108864, 44.6, 0))
(2004, (2859084, 1510201, 52.8, 11, 1304894, 45.6, 0))
(2008, (3036878, 1750848, 57.7, 11, 1229216, 40.5, 0))
(2012, (3125516, 1755396, 56.2, 12, 1290670, 41.3, 0))
(2016, (3209214, 1742718, 54.3, 12, 1221747, 38.1, 0))
(2020, (4087631, 2369612, 57.97, 12, 1584651, 38.77, 0))
(2024, (3924243, 2245849, 57.23, 12, 1530923, 39.01, 0))
