(1916, (64475, 22708, 35.2, 0, 40250, 62.4, 4))
(1920, (89961, 20919, 23.3, 0, 68212, 75.8, 4))
(1924, (102917, 16124, 15.7, 0, 80498, 78.2, 4))
(1928, (135191, 44440, 32.9, 0, 90404, 66.9, 4))
(1932, (136980, 56266, 41.1, 0, 78984, 57.7, 3))
(1936, (143689, 62124, 43.2, 0, 81023, 56.4, 3))
(1940, (143062, 64269, 44.9, 0, 78371, 54.8, 3))
(1944, (125361, 53820, 42.9, 0, 71527, 57.1, 3))
(1948, (123382, 45557, 36.9, 0, 75926, 61.5, 3))
(1952, (153557, 43355, 28.2, 0, 109717, 71.5, 3))
(1956, (152978, 42549, 27.8, 0, 110390, 72.2, 3))
(1960, (167324, 69186, 41.3, 0, 98131, 58.6, 3))
(1964, (163089, 108127, 66.3, 3, 54942, 33.7, 0))
(1968, (161404, 70255, 43.5, 0, 85142, 52.8, 3))
(1972, (186947, 68174, 36.5, 0, 117149, 62.7, 3))
(1980, (213299, 81952, 38.4, 0, 94628, 44.4, 3))
(1984, (234561, 95730, 40.8, 0, 135865, 57.9, 3))
(1988, (243328, 115775, 47.6, 0, 124331, 51.1, 3))
(1992, (289701, 133592, 46.1, 3, 88122, 30.4, 0))
(1996, (258449, 137894, 53.4, 3, 80352, 31.1, 0))
(2000, (294308, 149022, 50.6, 3, 119775, 40.7, 0))
(2004, (312309, 184067, 58.9, 3, 121180, 38.8, 0))
(2008, (325046, 219262, 67.5, 3, 98974, 30.4, 0))
(2012, (299290, 199239, 66.6, 3, 92698, 31.0, 0))
(2016, (315067, 178573, 56.7, 3, 95369, 30.3, 0))
(2020, (367428, 242820, 66.09, 3, 112704, 30.67, 0))
(2024, (369422, 235791, 63.83, 3, 119395, 32.32, 0))
