(1916, (63950, 61845, 96.7, 9, 1550, 2.4, 0))
(1920, (66808, 64170, 96.1, 9, 2610, 3.9, 0))
(1924, (50755, 49008, 96.6, 9, 1123, 2.2, 0))
(1928, (68605, 62700, 91.4, 9, 5858, 8.5, 0))
(1932, (104407, 102347, 98.0, 8, 1978, 1.9, 0))
(1936, (115437, 113791, 98.6, 8, 1646, 1.4, 0))
(1940, (99830, 95470, 95.6, 8, 4360, 4.4, 0))
(1944, (103382, 90601, 87.6, 8, 4554, 4.4, 0))
(1948, (142571, 34423, 24.1, 0, 5386, 3.8, 0))
(1952, (341087, 173004, 50.7, 8, 9793, 2.9, 0))
(1956, (300583, 136372, 45.4, 8, 75700, 25.2, 0))
(1960, (386688, 198129, 51.2, 8, 188558, 48.8, 0))
(1964, (524779, 215723, 41.1, 0, 309048, 58.9, 8))
(1968, (666978, 197486, 29.6, 0, 254062, 38.1, 8))
(1972, (673960, 186824, 27.7, 0, 477044, 70.8, 8))
(1980, (894071, 430385, 48.1, 0, 441841, 49.4, 8))
(1984, (968529, 344459, 35.6, 0, 615539, 63.6, 8))
(1988, (986009, 370554, 37.6, 0, 606443, 61.5, 8))
(1992, (1202527, 479514, 39.9, 0, 577507, 48.0, 8))
(1996, (1151689, 506283, 44.0, 0, 573458, 49.8, 8))
(2000, (1382717, 565561, 40.9, 0, 785937, 56.8, 8))
(2004, (1617730, 661699, 40.9, 0, 937974, 58.0, 8))
(2008, (1920969, 862449, 44.9, 0, 1034896, 53.9, 8))
(2012, (1964118, 865941, 44.1, 0, 1071645, 54.6, 9))
(2016, (2103027, 855373, 40.7, 0, 1155389, 54.9, 9))
(2020, (2513329, 1091541, 43.43, 0, 1385103, 55.11, 9))
(2024, (2548140, 1028452, 40.36, 0, 1483747, 58.23, 9))
