(1916, (786773, 398032, 50.6, 18, 369339, 46.9, 0))
(1920, (1332140, 574699, 43.1, 0, 727252, 54.6, 18))
(1924, (1310095, 574962, 43.9, 0, 648488, 49.5, 18))
(1928, (1500845, 662684, 44.2, 0, 834080, 55.6, 18))
(1932, (1609894, 1025406, 63.7, 15, 564713, 35.1, 0))
(1936, (1828635, 1111043, 60.8, 15, 697891, 38.2, 0))
(1940, (1833729, 958476, 52.3, 15, 871009, 47.5, 0))
(1944, (1571697, 807356, 51.4, 15, 761175, 48.4, 0))
(1948, (1578628, 917315, 58.1, 15, 655039, 41.5, 0))
(1952, (1892062, 929830, 49.1, 0, 959429, 50.7, 13))
(1956, (1832562, 918273, 50.1, 13, 914289, 49.9, 0))
(1960, (1934422, 972201, 50.3, 13, 962221, 49.7, 0))
(1964, (1817879, 1164344, 64.0, 12, 653535, 36.0, 0))
(1968, (1809502, 791444, 43.7, 0, 811932, 44.9, 12))
(1972, (1855803, 697147, 37.6, 0, 1153852, 62.2, 12))
(1980, (2099824, 931182, 44.3, 0, 1074181, 51.2, 12))
(1984, (2122783, 848583, 40.0, 0, 1274188, 60.0, 11))
(1988, (2093713, 1001619, 47.8, 0, 1084953, 51.8, 11))
(1992, (2391565, 1053873, 44.1, 11, 811159, 33.9, 0))
(1996, (2158065, 1025935, 47.5, 11, 890016, 41.2, 0))
(2000, (2359892, 1111138, 47.1, 0, 1189924, 50.4, 11))
(2004, (2731364, 1259171, 46.1, 0, 1455713, 53.3, 11))
(2008, (2925205, 1441911, 49.3, 0, 1445814, 49.4, 11))
(2012, (2757323, 1223796, 44.4, 0, 1482440, 53.8, 10))
(2016, (2808605, 1071068, 38.1, 0, 1594511, 56.8, 10))
(2020, (3025962, 1253014, 41.41, 0, 1718736, 56.8, 10))
(2024, (2995327, 1200599, 40.08, 0, 1751986, 58.49, 10))
