(1916, (289671, 140403, 48.5, 1, 143124, 49.4, 7))
(1920, (509936, 220785, 43.3, 0, 282007, 55.3, 8))
(1924, (583662, 257232, 44.1, 0, 288635, 49.5, 8))
(1928, (642752, 263784, 41.0, 0, 375551, 58.4, 8))
(1932, (743774, 405124, 54.5, 8, 330731, 44.5, 0))
(1936, (829945, 502582, 60.6, 8, 325358, 39.2, 0))
(1940, (868076, 495662, 57.1, 8, 372414, 42.9, 0))
(1944, (715596, 392777, 54.9, 8, 322819, 45.1, 0))
(1948, (748750, 429188, 57.3, 8, 316251, 42.2, 0))
(1952, (873548, 453578, 51.9, 8, 419970, 48.1, 0))
(1956, (830831, 381534, 45.9, 0, 449297, 54.1, 8))
(1960, (837781, 441786, 52.7, 8, 395995, 47.3, 0))
(1964, (792040, 538087, 67.9, 7, 253953, 32.1, 0))
(1968, (754206, 374091, 49.6, 7, 307555, 40.8, 0))
(1972, (762399, 277435, 36.4, 0, 484964, 63.6, 6))
(1980, (737715, 367462, 49.8, 6, 334206, 45.3, 0))
(1984, (735742, 328125, 44.6, 0, 405483, 55.1, 6))
(1988, (653311, 341016, 52.2, 5, 310065, 47.5, 0))
(1992, (683762, 331001, 48.4, 5, 241974, 35.4, 0))
(1996, (636459, 327812, 51.5, 5, 233946, 36.8, 0))
(2000, (648124, 295497, 45.6, 0, 336475, 51.9, 5))
(2004, (755887, 326541, 43.2, 0, 423778, 56.1, 5))
(2008, (713362, 303857, 42.6, 0, 397466, 55.7, 5))
(2012, (670438, 238269, 35.5, 0, 417655, 62.3, 5))
(2016, (713051, 188794, 26.5, 0, 489371, 68.6, 5))
(2020, (794652, 235984, 29.7, 0, 545382, 68.63, 5))
(2024, (762390, 214309, 28.11, 0, 533556, 69.98, 4))
